1;
2;
3;
4;
5;
6;
7;
8;
9;
10;
11;
12;
13;
14;
15;
16;
17;
18;
19;
20;
21;
22;
23;
24;
25;
26;
27;
28;
29;
30;
31;
32;
33;
34;2;160;0;
35;2;170;0;
36;2;180;0;
37;2;190;0;
38;2;200;0;
39;2;210;0;
40;2;220;0;
41;2;230;0;
42;2;240;0;
43;2;250;0;
44;3;100;0;
45;3;110;0;
46;3;120;0;
47;3;130;0;
48;3;140;0;
49;3;150;0;
50;3;160;0;
51;3;170;0;
52;3;180;0;
53;3;190;0;
54;3;200;0;
55;3;210;0;
56;3;220;0;
57;3;230;0;
58;3;240;0;
59;3;250;0;
60;4;100;0;
61;4;110;0;
62;4;120;0;
63;4;130;0;
64;4;140;0;
65;4;150;0;
66;4;160;0;
67;4;170;0;
68;4;180;0;
69;4;190;0;
70;4;200;0;
71;4;210;0;
72;4;220;0;
73;4;230;0;
74;4;240;0;
75;4;250;0;
76;5;100;0;
77;5;110;0;
78;5;120;0;
79;5;130;0;
80;5;140;0;
81;5;150;0;
82;5;160;0;
83;5;170;0;
84;5;180;0;
85;5;190;0;
86;5;200;0;
87;5;210;0;
88;5;220;0;
89;5;230;0;
90;5;240;0;
91;5;250;0;
92;6;100;0;
93;6;110;0;
94;6;120;0;
95;6;130;0;
96;6;140;0;
97;6;150;0;
98;6;160;0;
99;6;170;0;
100;6;180;0;
101;6;190;0;
102;6;200;0;
103;6;210;0;
104;6;220;0;
105;6;230;0;
106;6;240;0;
107;6;250;0;
108;7;100;0;
109;7;110;0;
110;7;120;0;
111;7;130;0;
112;7;140;0;
113;7;150;0;
114;7;160;0;
115;7;170;0;
116;7;180;0;
117;7;190;0;
118;7;200;0;
119;7;210;0;
120;7;220;0;
121;7;230;0;
122;7;240;0;
123;7;250;0;
124;8;100;0;
125;8;110;0;
126;8;120;0;
127;8;130;0;
128;8;140;0;
129;8;150;0;
130;8;160;0;
131;8;170;0;
132;8;180;0;
133;8;190;0;
134;8;200;0;
135;8;210;0;
136;8;220;0;
137;8;230;0;
138;8;240;0;
139;8;250;0;
140;9;100;0;
141;9;110;0;
142;9;120;0;
143;9;130;0;
144;9;140;0;
145;9;150;0;
146;9;160;0;
147;9;170;0;
148;9;180;0;
149;9;190;0;
150;9;200;0;
151;9;210;0;
152;9;220;0;
153;9;230;0;
154;9;240;0;
155;9;250;0;
156;10;100;0;
157;10;110;0;
158;10;120;0;
159;10;130;0;
160;10;140;0;
161;10;150;0;
162;10;160;0;
163;10;170;0;
164;10;180;0;
165;10;190;0;
166;10;200;0;
167;10;210;0;
168;10;220;0;
169;10;230;0;
170;10;240;0;
171;10;250;0;
172;11;100;0;
173;11;110;0;
174;11;120;0;
175;11;130;0;
176;11;140;0;
177;11;150;0;
178;11;160;0;
179;11;170;0;
180;11;180;0;
181;11;190;0;
182;11;200;0;
183;11;210;0;
184;11;220;0;
185;11;230;0;
186;11;240;0;
187;11;250;0;
188;12;100;0;
189;12;110;0;
190;12;120;0;
191;12;130;0;
192;12;140;0;
193;12;150;0;
194;12;160;0;
195;12;170;0;
196;12;180;0;
197;12;190;0;
198;12;200;0;
199;12;210;0;
200;12;220;0;
201;12;230;0;
202;12;240;0;
203;12;250;0;
204;13;100;0;
205;13;110;0;
206;13;120;0;
207;13;130;0;
208;13;140;0;
209;13;150;0;
210;13;160;0;
211;13;170;0;
212;13;180;0;
213;13;190;0;
214;13;200;0;
215;13;210;0;
216;13;220;0;
217;13;230;0;
218;13;240;0;
219;13;250;0;
220;14;100;0;
221;14;110;0;
222;14;120;0;
223;14;130;0;
224;14;140;0;
225;14;150;0;
226;14;160;0;
227;14;170;0;
228;14;180;0;
229;14;190;0;
230;14;200;0;
231;14;210;0;
232;14;220;0;
233;14;230;0;
234;14;240;0;
235;14;250;0;
236;15;100;0;
237;15;110;0;
238;15;120;0;
239;15;130;0;
240;15;140;0;
241;15;150;0;
242;15;160;0;
243;15;170;0;
244;15;180;0;
245;15;190;0;
246;15;200;0;
247;15;210;0;
248;15;220;0;
249;15;230;0;
250;15;240;0;
251;15;250;0;
252;16;100;0;
253;16;110;0;
254;16;120;0;
255;16;130;0;
256;16;140;0;
257;16;150;0;
258;16;160;0;
259;16;170;0;
260;16;180;0;
261;16;190;0;
262;16;200;0;
263;16;210;0;
264;16;220;0;
265;16;230;0;
266;16;240;0;
267;16;250;0;
268;17;100;0;
269;17;110;0;
270;17;120;0;
271;17;130;0;
272;17;140;0;
273;17;150;0;
274;17;160;0;
275;17;170;0;
276;17;180;0;
277;17;190;0;
278;17;200;0;
279;17;210;0;
280;17;220;0;
281;17;230;0;
282;17;240;0;
283;17;250;0;
284;18;100;0;
285;18;110;0;
286;18;120;0;
287;18;130;0;
288;18;140;0;
289;18;150;0;
290;18;160;0;
291;18;170;0;
292;18;180;0;
293;18;190;0;
294;18;200;0;
295;18;210;0;
296;18;220;0;
297;18;230;0;
298;18;240;0;
299;18;250;0;
300;19;100;0;
301;19;110;0;
302;19;120;0;
303;19;130;0;
304;19;140;0;
305;19;150;0;
306;19;160;0;
307;19;170;0;
308;19;180;0;
309;19;190;0;
310;19;200;0;
311;19;210;0;
312;19;220;0;
313;19;230;0;
314;19;240;0;
315;19;250;0;
316;20;100;0;
317;20;110;0;
318;20;120;0;
319;20;130;0;
320;20;140;0;
321;20;150;0;
322;20;160;0;
323;20;170;0;
324;20;180;0;
325;20;190;0;
326;20;200;0;
327;20;210;0;
328;20;220;0;
329;20;230;0;
330;20;240;0;
331;20;250;0;
332;21;100;0;
333;21;110;0;
334;21;120;0;
335;21;130;0;
336;21;140;0;
337;21;150;0;
338;21;160;0;
339;21;170;0;
340;21;180;0;
341;21;190;0;
342;21;200;0;
343;21;210;0;
344;21;220;0;
345;21;230;0;
346;21;240;0;
347;21;250;0;
348;22;100;0;
349;22;110;0;
350;22;120;0;
351;22;130;0;
352;22;140;0;
353;22;150;0;
354;22;160;0;
355;22;170;0;
356;22;180;0;
357;22;190;0;
358;22;200;0;
359;22;210;0;
360;22;220;0;
361;22;230;0;
362;22;240;0;
363;22;250;0;
364;23;100;0;
365;23;110;0;
366;23;120;0;
367;23;130;0;
368;23;140;0;
369;23;150;0;
370;23;160;0;
371;23;170;0;
372;23;180;0;
373;23;190;0;
374;23;200;0;
375;23;210;0;
376;23;220;0;
377;23;230;0;
378;23;240;0;
379;23;250;0;
380;24;100;0;
381;24;110;0;
382;24;120;0;
383;24;130;0;
384;24;140;0;
385;24;150;0;
386;24;160;0;
387;24;170;0;
388;24;180;0;
389;24;190;0;
390;24;200;0;
391;24;210;0;
392;24;220;0;
393;24;230;0;
394;24;240;0;
395;24;250;0;
396;25;100;0;
397;25;110;0;
398;25;120;0;
399;25;130;0;
400;25;140;0;
401;25;150;0;
402;25;160;0;
403;25;170;0;
404;25;180;0;
405;25;190;0;
406;25;200;0;
407;25;210;0;
408;25;220;0;
409;25;230;0;
410;25;240;0;
411;25;250;0;
412;26;100;0;
413;26;110;0;
414;26;120;0;
415;26;130;0;
416;26;140;0;
417;26;150;0;
418;26;160;0;
419;26;170;0;
420;26;180;0;
421;26;190;0;
422;26;200;0;
423;26;210;0;
424;26;220;0;
425;26;230;0;
426;26;240;0;
427;26;250;0;
428;27;100;0;
429;27;110;0;
430;27;120;0;
431;27;130;0;
432;27;140;0;
433;27;150;0;
434;27;160;0;
435;27;170;0;
436;27;180;0;
437;27;190;0;
438;27;200;0;
439;27;210;0;
440;27;220;0;
441;27;230;0;
442;27;240;0;
443;27;250;0;
444;28;100;0;
445;28;110;0;
446;28;120;0;
447;28;130;0;
448;28;140;0;
449;28;150;0;
450;28;160;0;
451;28;170;0;
452;28;180;0;
453;28;190;0;
454;28;200;0;
455;28;210;0;
456;28;220;0;
457;28;230;0;
458;28;240;0;
459;28;250;0;
460;29;100;0;
461;29;110;0;
462;29;120;0;
463;29;130;0;
464;29;140;0;
465;29;150;0;
466;29;160;0;
467;29;170;0;
468;29;180;0;
469;29;190;0;
470;29;200;0;
471;29;210;0;
472;29;220;0;
473;29;230;0;
474;29;240;0;
475;29;250;0;
476;30;100;0;
477;30;110;0;
478;30;120;0;
479;30;130;0;
480;30;140;0;
481;30;150;0;
482;30;160;0;
483;30;170;0;
484;30;180;0;
485;30;190;0;
486;30;200;0;
487;30;210;0;
488;30;220;0;
489;30;230;0;
490;30;240;0;
491;30;250;0;
492;31;100;0;
493;31;110;0;
494;31;120;0;
495;31;130;0;
496;31;140;0;
497;31;150;0;
498;31;160;0;
499;31;170;0;
500;31;180;0;
501;31;190;0;
502;31;200;0;
503;31;210;0;
504;31;220;0;
505;31;230;0;
506;31;240;0;
507;31;250;0;
508;32;100;0;
509;32;110;0;
510;32;120;0;
511;32;130;0;
512;32;140;0;
513;32;150;0;
514;32;160;0;
515;32;170;0;
516;32;180;0;
517;32;190;0;
518;32;200;0;
519;32;210;0;
520;32;220;0;
521;32;230;0;
522;32;240;0;
523;32;250;0;
524;33;100;0;
525;33;110;0;
526;33;120;0;
527;33;130;0;
528;33;140;0;
529;33;150;0;
530;33;160;0;
531;33;170;0;
532;33;180;0;
533;33;190;0;
534;33;200;0;
535;33;210;0;
536;33;220;0;
537;33;230;0;
538;33;240;0;
539;33;250;0;
540;34;100;0;
541;34;110;0;
542;34;120;0;
543;34;130;0;
544;34;140;0;
545;34;150;0;
546;34;160;0;
547;34;170;0;
548;34;180;0;
549;34;190;0;
550;34;200;0;
551;34;210;0;
552;34;220;0;
553;34;230;0;
554;34;240;0;
555;34;250;0;
556;35;100;0;
557;35;110;0;
558;35;120;0;
559;35;130;0;
560;35;140;0;
561;35;150;0;
562;35;160;0;
563;35;170;0;
564;35;180;0;
565;35;190;0;
566;35;200;0;
567;35;210;0;
568;35;220;0;
569;35;230;0;
570;35;240;0;
571;35;250;0;
572;36;100;0;
573;36;110;0;
574;36;120;0;
575;36;130;0;
576;36;140;0;
577;36;150;0;
578;36;160;0;
579;36;170;0;
580;36;180;0;
581;36;190;0;
582;36;200;0;
583;36;210;0;
584;36;220;0;
585;36;230;0;
586;36;240;0;
587;36;250;0;
588;37;100;0;
589;37;110;0;
590;37;120;0;
591;37;130;0;
592;37;140;0;
593;37;150;0;
594;37;160;0;
595;37;170;0;
596;37;180;0;
597;37;190;0;
598;37;200;0;
599;37;210;0;
600;37;220;0;
601;37;230;0;
602;37;240;0;
603;37;250;0;
604;38;100;0;
605;38;110;0;
606;38;120;0;
607;38;130;0;
608;38;140;0;
609;38;150;0;
610;38;160;0;
611;38;170;0;
612;38;180;0;
613;38;190;0;
614;38;200;0;
615;38;210;0;
616;38;220;0;
617;38;230;0;
618;38;240;0;
619;38;250;0;
620;39;100;0;
621;39;110;0;
622;39;120;0;
623;39;130;0;
624;39;140;0;
625;39;150;0;
626;39;160;0;
627;39;170;0;
628;39;180;0;
629;39;190;0;
630;39;200;0;
631;39;210;0;
632;39;220;0;
633;39;230;0;
634;39;240;0;
635;39;250;0;
636;40;100;0;
637;40;110;0;
638;40;120;0;
639;40;130;0;
640;40;140;0;
641;40;150;0;
642;40;160;0;
643;40;170;0;
644;40;180;0;
645;40;190;0;
646;40;200;0;
647;40;210;0;
648;40;220;0;
649;40;230;0;
650;40;240;0;
651;40;250;0;
652;41;100;0;
653;41;110;0;
654;41;120;0;
655;41;130;0;
656;41;140;0;
657;41;150;0;
658;41;160;0;
659;41;170;0;
660;41;180;0;
661;41;190;0;
662;41;200;0;
663;41;210;0;
664;41;220;0;
665;41;230;0;
666;41;240;0;
667;41;250;0;
668;42;100;0;
669;42;110;0;
670;42;120;0;
671;42;130;0;
672;42;140;0;
673;42;150;0;
674;42;160;0;
675;42;170;0;
676;42;180;0;
677;42;190;0;
678;42;200;0;
679;42;210;0;
680;42;220;0;
681;42;230;0;
682;42;240;0;
683;42;250;0;
684;43;100;0;
685;43;110;0;
686;43;120;0;
687;43;130;0;
688;43;140;0;
689;43;150;0;
690;43;160;0;
691;43;170;0;
692;43;180;0;
693;43;190;0;
694;43;200;0;
695;43;210;0;
696;43;220;0;
697;43;230;0;
698;43;240;0;
699;43;250;0;
700;44;100;0;
701;44;110;0;
702;44;120;0;
703;44;130;0;
704;44;140;0;
705;44;150;0;
706;44;160;0;
707;44;170;0;
708;44;180;0;
709;44;190;0;
710;44;200;0;
711;44;210;0;
712;44;220;0;
713;44;230;0;
714;44;240;0;
715;44;250;0;
716;45;100;0;
717;45;110;0;
718;45;120;0;
719;45;130;0;
720;45;140;0;
721;45;150;0;
722;45;160;0;
723;45;170;0;
724;45;180;0;
725;45;190;0;
726;45;200;0;
727;45;210;0;
728;45;220;0;
729;45;230;0;
730;45;240;0;
731;45;250;0;
732;46;100;0;
733;46;110;0;
734;46;120;0;
735;46;130;0;
736;46;140;0;
737;46;150;0;
738;46;160;0;
739;46;170;0;
740;46;180;0;
741;46;190;0;
742;46;200;0;
743;46;210;0;
744;46;220;0;
745;46;230;0;
746;46;240;0;
747;46;250;0;
748;47;100;0;
749;47;110;0;
750;47;120;0;
751;47;130;0;
752;47;140;0;
753;47;150;0;
754;47;160;0;
755;47;170;0;
756;47;180;0;
757;47;190;0;
758;47;200;0;
759;47;210;0;
760;47;220;0;
761;47;230;0;
762;47;240;0;
763;47;250;0;
764;48;100;0;
765;48;110;0;
766;48;120;0;
767;48;130;0;
768;48;140;0;
769;48;150;0;
770;48;160;0;
771;48;170;0;
772;48;180;0;
773;48;190;0;
774;48;200;0;
775;48;210;0;
776;48;220;0;
777;48;230;0;
778;48;240;0;
779;48;250;0;
780;49;100;0;
781;49;110;0;
782;49;120;0;
783;49;130;0;
784;49;140;0;
785;49;150;0;
786;49;160;0;
787;49;170;0;
788;49;180;0;
789;49;190;0;
790;49;200;0;
791;49;210;0;
792;49;220;0;
793;49;230;0;
794;49;240;0;
795;49;250;0;
796;50;100;0;
797;50;110;0;
798;50;120;0;
799;50;130;0;
800;50;140;0;
801;50;150;0;
802;50;160;0;
803;50;170;0;
804;50;180;0;
805;50;190;0;
806;50;200;0;
807;50;210;0;
808;50;220;0;
809;50;230;0;
810;50;240;0;
811;50;250;0;
812;51;100;0;
813;51;110;0;
814;51;120;0;
815;51;130;0;
816;51;140;0;
817;51;150;0;
818;51;160;0;
819;51;170;0;
820;51;180;0;
821;51;190;0;
822;51;200;0;
823;51;210;0;
824;51;220;0;
825;51;230;0;
826;51;240;0;
827;51;250;0;
828;52;100;0;
829;52;110;0;
830;52;120;0;
831;52;130;0;
832;52;140;0;
833;52;150;0;
834;52;160;0;
835;52;170;0;
836;52;180;0;
837;52;190;0;
838;52;200;0;
839;52;210;0;
840;52;220;0;
841;52;230;0;
842;52;240;0;
843;52;250;0;
844;53;100;0;
845;53;110;0;
846;53;120;0;
847;53;130;0;
848;53;140;0;
849;53;150;0;
850;53;160;0;
851;53;170;0;
852;53;180;0;
853;53;190;0;
854;53;200;0;
855;53;210;0;
856;53;220;0;
857;53;230;0;
858;53;240;0;
859;53;250;0;
860;54;100;0;
861;54;110;0;
862;54;120;0;
863;54;130;0;
864;54;140;0;
865;54;150;0;
866;54;160;0;
867;54;170;0;
868;54;180;0;
869;54;190;0;
870;54;200;0;
871;54;210;0;
872;54;220;0;
873;54;230;0;
874;54;240;0;
875;54;250;0;
876;55;100;0;
877;55;110;0;
878;55;120;0;
879;55;130;0;
880;55;140;0;
881;55;150;0;
882;55;160;0;
883;55;170;0;
884;55;180;0;
885;55;190;0;
886;55;200;0;
887;55;210;0;
888;55;220;0;
889;55;230;0;
890;55;240;0;
891;55;250;0;
892;56;100;0;
893;56;110;0;
894;56;120;0;
895;56;130;0;
896;56;140;0;
897;56;150;0;
898;56;160;0;
899;56;170;0;
900;56;180;0;
901;56;190;0;
902;56;200;0;
903;56;210;0;
904;56;220;0;
905;56;230;0;
906;56;240;0;
907;56;250;0;
908;57;100;0;
909;57;110;0;
910;57;120;0;
911;57;130;0;
912;57;140;0;
913;57;150;0;
914;57;160;0;
915;57;170;0;
916;57;180;0;
917;57;190;0;
918;57;200;0;
919;57;210;0;
920;57;220;0;
921;57;230;0;
922;57;240;0;
923;57;250;0;
924;58;100;0;
925;58;110;0;
926;58;120;0;
927;58;130;0;
928;58;140;0;
929;58;150;0;
930;58;160;0;
931;58;170;0;
932;58;180;0;
933;58;190;0;
934;58;200;0;
935;58;210;0;
936;58;220;0;
937;58;230;0;
938;58;240;0;
939;58;250;0;
940;59;100;0;
941;59;110;0;
942;59;120;0;
943;59;130;0;
944;59;140;0;
945;59;150;0;
946;59;160;0;
947;59;170;0;
948;59;180;0;
949;59;190;0;
950;59;200;0;
951;59;210;0;
952;59;220;0;
953;59;230;0;
954;59;240;0;
955;59;250;0;
956;60;100;0;
957;60;110;0;
958;60;120;0;
959;60;130;0;
960;60;140;0;
961;60;150;0;
962;60;160;0;
963;60;170;0;
964;60;180;0;
965;60;190;0;
966;60;200;0;
967;60;210;0;
968;60;220;0;
969;60;230;0;
970;60;240;0;
971;60;250;0;
972;61;100;0;
973;61;110;0;
974;61;120;0;
975;61;130;0;
976;61;140;0;
977;61;150;0;
978;61;160;0;
979;61;170;0;
980;61;180;0;
981;61;190;0;
982;61;200;0;
983;61;210;0;
984;61;220;0;
985;61;230;0;
986;61;240;0;
987;61;250;0;
988;62;100;0;
989;62;110;0;
990;62;120;0;
991;62;130;0;
992;62;140;0;
993;62;150;0;
994;62;160;0;
995;62;170;0;
996;62;180;0;
997;62;190;0;
998;62;200;0;
999;62;210;0;
1000;62;220;0;
1001;62;230;0;
1002;62;240;0;
1003;62;250;0;
1004;63;100;0;
1005;63;110;0;
1006;63;120;0;
1007;63;130;0;
1008;63;140;0;
1009;63;150;0;
1010;63;160;0;
1011;63;170;0;
1012;63;180;0;
1013;63;190;0;
1014;63;200;0;
1015;63;210;0;
1016;63;220;0;
1017;63;230;0;
1018;63;240;0;
1019;63;250;0;
1020;64;100;0;
1021;64;110;0;
1022;64;120;0;
1023;64;130;0;
1024;64;140;0;
1025;64;150;0;
1026;64;160;0;
1027;64;170;0;
1028;64;180;0;
1029;64;190;0;
1030;64;200;0;
1031;64;210;0;
1032;64;220;0;
1033;64;230;0;
1034;64;240;0;
1035;64;250;0;
1036;65;100;0;
1037;65;110;0;
1038;65;120;0;
1039;65;130;0;
1040;65;140;0;
1041;65;150;0;
1042;65;160;0;
1043;65;170;0;
1044;65;180;0;
1045;65;190;0;
1046;65;200;0;
1047;65;210;0;
1048;65;220;0;
1049;65;230;0;
1050;65;240;0;
1051;65;250;0;
1052;66;100;0;
1053;66;110;0;
1054;66;120;0;
1055;66;130;0;
1056;66;140;0;
1057;66;150;0;
1058;66;160;0;
1059;66;170;0;
1060;66;180;0;
1061;66;190;0;
1062;66;200;0;
1063;66;210;0;
1064;66;220;0;
1065;66;230;0;
1066;66;240;0;
1067;66;250;0;
1068;67;100;0;
1069;67;110;0;
1070;67;120;0;
1071;67;130;0;
1072;67;140;0;
1073;67;150;0;
1074;67;160;0;
1075;67;170;0;
1076;67;180;0;
1077;67;190;0;
1078;67;200;0;
1079;67;210;0;
1080;67;220;0;
1081;67;230;0;
1082;67;240;0;
1083;67;250;0;
1084;68;100;0;
1085;68;110;0;
1086;68;120;0;
1087;68;130;0;
1088;68;140;0;
1089;68;150;0;
1090;68;160;0;
1091;68;170;0;
1092;68;180;0;
1093;68;190;0;
1094;68;200;0;
1095;68;210;0;
1096;68;220;0;
1097;68;230;0;
1098;68;240;0;
1099;68;250;0;
1100;69;100;0;
1101;69;110;0;
1102;69;120;0;
1103;69;130;0;
1104;69;140;0;
1105;69;150;0;
1106;69;160;0;
1107;69;170;0;
1108;69;180;0;
1109;69;190;0;
1110;69;200;0;
1111;69;210;0;
1112;69;220;0;
1113;69;230;0;
1114;69;240;0;
1115;69;250;0;
1116;70;100;0;
1117;70;110;0;
1118;70;120;0;
1119;70;130;0;
1120;70;140;0;
1121;70;150;0;
1122;70;160;0;
1123;70;170;0;
1124;70;180;0;
1125;70;190;0;
1126;70;200;0;
1127;70;210;0;
1128;70;220;0;
1129;70;230;0;
1130;70;240;0;
1131;70;250;0;
1132;71;100;0;
1133;71;110;0;
1134;71;120;0;
1135;71;130;0;
1136;71;140;0;
1137;71;150;0;
1138;71;160;0;
1139;71;170;0;
1140;71;180;0;
1141;71;190;0;
1142;71;200;0;
1143;71;210;0;
1144;71;220;0;
1145;71;230;0;
1146;71;240;0;
1147;71;250;0;
1148;72;100;0;
1149;72;110;0;
1150;72;120;0;
1151;72;130;0;
1152;72;140;0;
1153;72;150;0;
1154;72;160;0;
1155;72;170;0;
1156;72;180;0;
1157;72;190;0;
1158;72;200;0;
1159;72;210;0;
1160;72;220;0;
1161;72;230;0;
1162;72;240;0;
1163;72;250;0;
1164;73;100;0;
1165;73;110;0;
1166;73;120;0;
1167;73;130;0;
1168;73;140;0;
1169;73;150;0;
1170;73;160;0;
1171;73;170;0;
1172;73;180;0;
1173;73;190;0;
1174;73;200;0;
1175;73;210;0;
1176;73;220;0;
1177;73;230;0;
1178;73;240;0;
1179;73;250;0;
1180;74;100;0;
1181;74;110;0;
1182;74;120;0;
1183;74;130;0;
1184;74;140;0;
1185;74;150;0;
1186;74;160;0;
1187;74;170;0;
1188;74;180;0;
1189;74;190;0;
1190;74;200;0;
1191;74;210;0;
1192;74;220;0;
1193;74;230;0;
1194;74;240;0;
1195;74;250;0;
1196;75;100;0;
1197;75;110;0;
1198;75;120;0;
1199;75;130;0;
1200;75;140;0;
1201;75;150;0;
1202;75;160;0;
1203;75;170;0;
1204;75;180;0;
1205;75;190;0;
1206;75;200;0;
1207;75;210;0;
1208;75;220;0;
1209;75;230;0;
1210;75;240;0;
1211;75;250;0;
1212;76;100;0;
1213;76;110;0;
1214;76;120;0;
1215;76;130;0;
1216;76;140;0;
1217;76;150;0;
1218;76;160;0;
1219;76;170;0;
1220;76;180;0;
1221;76;190;0;
1222;76;200;0;
1223;76;210;0;
1224;76;220;0;
1225;76;230;0;
1226;76;240;0;
1227;76;250;0;
1228;77;100;0;
1229;77;110;0;
1230;77;120;0;
1231;77;130;0;
1232;77;140;0;
1233;77;150;0;
1234;77;160;0;
1235;77;170;0;
1236;77;180;0;
1237;77;190;0;
1238;77;200;0;
1239;77;210;0;
1240;77;220;0;
1241;77;230;0;
1242;77;240;0;
1243;77;250;0;
1244;78;100;0;
1245;78;110;0;
1246;78;120;0;
1247;78;130;0;
1248;78;140;0;
1249;78;150;0;
1250;78;160;0;
1251;78;170;0;
1252;78;180;0;
1253;78;190;0;
1254;78;200;0;
1255;78;210;0;
1256;78;220;0;
1257;78;230;0;
1258;78;240;0;
1259;78;250;0;
1260;79;100;0;
1261;79;110;0;
1262;79;120;0;
1263;79;130;0;
1264;79;140;0;
1265;79;150;0;
1266;79;160;0;
1267;79;170;0;
1268;79;180;0;
1269;79;190;0;
1270;79;200;0;
1271;79;210;0;
1272;79;220;0;
1273;79;230;0;
1274;79;240;0;
1275;79;250;0;
1276;80;100;0;
1277;80;110;0;
1278;80;120;0;
1279;80;130;0;
1280;80;140;0;
1281;80;150;0;
1282;80;160;0;
1283;80;170;0;
1284;80;180;0;
1285;80;190;0;
1286;80;200;0;
1287;80;210;0;
1288;80;220;0;
1289;80;230;0;
1290;80;240;0;
1291;80;250;0;
1292;81;100;0;
1293;81;110;0;
1294;81;120;0;
1295;81;130;0;
1296;81;140;0;
1297;81;150;0;
1298;81;160;0;
1299;81;170;0;
1300;81;180;0;
1301;81;190;0;
1302;81;200;0;
1303;81;210;0;
1304;81;220;0;
1305;81;230;0;
1306;81;240;0;
1307;81;250;0;
1308;82;100;0;
1309;82;110;0;
1310;82;120;0;
1311;82;130;0;
1312;82;140;0;
1313;82;150;0;
1314;82;160;0;
1315;82;170;0;
1316;82;180;0;
1317;82;190;0;
1318;82;200;0;
1319;82;210;0;
1320;82;220;0;
1321;82;230;0;
1322;82;240;0;
1323;82;250;0;
1324;83;100;0;
1325;83;110;0;
1326;83;120;0;
1327;83;130;0;
1328;83;140;0;
1329;83;150;0;
1330;83;160;0;
1331;83;170;0;
1332;83;180;0;
1333;83;190;0;
1334;83;200;0;
1335;83;210;0;
1336;83;220;0;
1337;83;230;0;
1338;83;240;0;
1339;83;250;0;
1340;84;100;0;
1341;84;110;0;
1342;84;120;0;
1343;84;130;0;
1344;84;140;0;
1345;84;150;0;
1346;84;160;0;
1347;84;170;0;
1348;84;180;0;
1349;84;190;0;
1350;84;200;0;
1351;84;210;0;
1352;84;220;0;
1353;84;230;0;
1354;84;240;0;
1355;84;250;0;
1356;85;100;0;
1357;85;110;0;
1358;85;120;0;
1359;85;130;0;
1360;85;140;0;
1361;85;150;0;
1362;85;160;0;
1363;85;170;0;
1364;85;180;0;
1365;85;190;0;
1366;85;200;0;
1367;85;210;0;
1368;85;220;0;
1369;85;230;0;
1370;85;240;0;
1371;85;250;0;
1372;86;100;0;
1373;86;110;0;
1374;86;120;0;
1375;86;130;0;
1376;86;140;0;
1377;86;150;0;
1378;86;160;0;
1379;86;170;0;
1380;86;180;0;
1381;86;190;0;
1382;86;200;0;
1383;86;210;0;
1384;86;220;0;
1385;86;230;0;
1386;86;240;0;
1387;86;250;0;
1388;87;100;0;
1389;87;110;0;
1390;87;120;0;
1391;87;130;0;
1392;87;140;0;
1393;87;150;0;
1394;87;160;0;
1395;87;170;0;
1396;87;180;0;
1397;87;190;0;
1398;87;200;0;
1399;87;210;0;
1400;87;220;0;
1401;87;230;0;
1402;87;240;0;
1403;87;250;0;
1404;88;100;0;
1405;88;110;0;
1406;88;120;0;
1407;88;130;0;
1408;88;140;0;
1409;88;150;0;
1410;88;160;0;
1411;88;170;0;
1412;88;180;0;
1413;88;190;0;
1414;88;200;0;
1415;88;210;0;
1416;88;220;0;
1417;88;230;0;
1418;88;240;0;
1419;88;250;0;
1420;89;100;0;
1421;89;110;0;
1422;89;120;0;
1423;89;130;0;
1424;89;140;0;
1425;89;150;0;
1426;89;160;0;
1427;89;170;0;
1428;89;180;0;
1429;89;190;0;
1430;89;200;0;
1431;89;210;0;
1432;89;220;0;
1433;89;230;0;
1434;89;240;0;
1435;89;250;0;
1436;90;100;0;
1437;90;110;0;
1438;90;120;0;
1439;90;130;0;
1440;90;140;0;
1441;90;150;0;
1442;90;160;0;
1443;90;170;0;
1444;90;180;0;
1445;90;190;0;
1446;90;200;0;
1447;90;210;0;
1448;90;220;0;
1449;90;230;0;
1450;90;240;0;
1451;90;250;0;
1452;91;100;0;
1453;91;110;0;
1454;91;120;0;
1455;91;130;0;
1456;91;140;0;
1457;91;150;0;
1458;91;160;0;
1459;91;170;0;
1460;91;180;0;
1461;91;190;0;
1462;91;200;0;
1463;91;210;0;
1464;91;220;0;
1465;91;230;0;
1466;91;240;0;
1467;91;250;0;
1468;92;100;0;
1469;92;110;0;
1470;92;120;0;
1471;92;130;0;
1472;92;140;0;
1473;92;150;0;
1474;92;160;0;
1475;92;170;0;
1476;92;180;0;
1477;92;190;0;
1478;92;200;0;
1479;92;210;0;
1480;92;220;0;
1481;92;230;0;
1482;92;240;0;
1483;92;250;0;
1484;93;100;0;
1485;93;110;0;
1486;93;120;0;
1487;93;130;0;
1488;93;140;0;
1489;93;150;0;
1490;93;160;0;
1491;93;170;0;
1492;93;180;0;
1493;93;190;0;
1494;93;200;0;
1495;93;210;0;
1496;93;220;0;
1497;93;230;0;
1498;93;240;0;
1499;93;250;0;
1500;94;100;0;
1501;94;110;0;
1502;94;120;0;
1503;94;130;0;
1504;94;140;0;
1505;94;150;0;
1506;94;160;0;
1507;94;170;0;
1508;94;180;0;
1509;94;190;0;
1510;94;200;0;
1511;94;210;0;
1512;94;220;0;
1513;94;230;0;
1514;94;240;0;
1515;94;250;0;
1516;95;100;0;
1517;95;110;0;
1518;95;120;0;
1519;95;130;0;
1520;95;140;0;
1521;95;150;0;
1522;95;160;0;
1523;95;170;0;
1524;95;180;0;
1525;95;190;0;
1526;95;200;0;
1527;95;210;0;
1528;95;220;0;
1529;95;230;0;
1530;95;240;0;
1531;95;250;0;
1532;96;100;0;
1533;96;110;0;
1534;96;120;0;
1535;96;130;0;
1536;96;140;0;
1537;96;150;0;
1538;96;160;0;
1539;96;170;0;
1540;96;180;0;
1541;96;190;0;
1542;96;200;0;
1543;96;210;0;
1544;96;220;0;
1545;96;230;0;
1546;96;240;0;
1547;96;250;0;
1548;97;100;0;
1549;97;110;0;
1550;97;120;0;
1551;97;130;0;
1552;97;140;0;
1553;97;150;0;
1554;97;160;0;
1555;97;170;0;
1556;97;180;0;
1557;97;190;0;
1558;97;200;0;
1559;97;210;0;
1560;97;220;0;
1561;97;230;0;
1562;97;240;0;
1563;97;250;0;
1564;98;100;0;
1565;98;110;0;
1566;98;120;0;
1567;98;130;0;
1568;98;140;0;
1569;98;150;0;
1570;98;160;0;
1571;98;170;0;
1572;98;180;0;
1573;98;190;0;
1574;98;200;0;
1575;98;210;0;
1576;98;220;0;
1577;98;230;0;
1578;98;240;0;
1579;98;250;0;
1580;99;100;0;
1581;99;110;0;
1582;99;120;0;
1583;99;130;0;
1584;99;140;0;
1585;99;150;0;
1586;99;160;0;
1587;99;170;0;
1588;99;180;0;
1589;99;190;0;
1590;99;200;0;
1591;99;210;0;
1592;99;220;0;
1593;99;230;0;
1594;99;240;0;
1595;99;250;0;
1596;100;100;0;
1597;100;110;0;
1598;100;120;0;
1599;100;130;0;
1600;100;140;0;
1601;100;150;0;
1602;100;160;0;
1603;100;170;0;
1604;100;180;0;
1605;100;190;0;
1606;100;200;0;
1607;100;210;0;
1608;100;220;0;
1609;100;230;0;
1610;100;240;0;
1611;100;250;0;
1612;0;100;1;
1613;0;110;1;
1614;0;120;1;
1615;0;130;1;
1616;0;140;1;
1617;0;150;1;
1618;0;160;1;
1619;0;170;1;
1620;0;180;1;
1621;0;190;1;
1622;0;200;1;
1623;0;210;1;
1624;0;220;1;
1625;0;230;1;
1626;0;240;1;
1627;0;250;1;
1628;1;100;1;
1629;1;110;1;
1630;1;120;1;
1631;1;130;1;
1632;1;140;1;
1633;1;150;1;
1634;1;160;1;
1635;1;170;1;
1636;1;180;1;
1637;1;190;1;
1638;1;200;1;
1639;1;210;1;
1640;1;220;1;
1641;1;230;1;
1642;1;240;1;
1643;1;250;1;
1644;2;100;1;
1645;2;110;1;
1646;2;120;1;
1647;2;130;1;
1648;2;140;1;
1649;2;150;1;
1650;2;160;1;
1651;2;170;1;
1652;2;180;1;
1653;2;190;1;
1654;2;200;1;
1655;2;210;1;
1656;2;220;1;
1657;2;230;1;
1658;2;240;1;
1659;2;250;1;
1660;3;100;1;
1661;3;110;1;
1662;3;120;1;
1663;3;130;1;
1664;3;140;1;
1665;3;150;1;
1666;3;160;1;
1667;3;170;1;
1668;3;180;1;
1669;3;190;1;
1670;3;200;1;
1671;3;210;1;
1672;3;220;1;
1673;3;230;1;
1674;3;240;1;
1675;3;250;1;
1676;4;100;1;
1677;4;110;1;
1678;4;120;1;
1679;4;130;1;
1680;4;140;1;
1681;4;150;1;
1682;4;160;1;
1683;4;170;1;
1684;4;180;1;
1685;4;190;1;
1686;4;200;1;
1687;4;210;1;
1688;4;220;1;
1689;4;230;1;
1690;4;240;1;
1691;4;250;1;
1692;5;100;1;
1693;5;110;1;
1694;5;120;1;
1695;5;130;1;
1696;5;140;1;
1697;5;150;1;
1698;5;160;1;
1699;5;170;1;
1700;5;180;1;
1701;5;190;1;
1702;5;200;1;
1703;5;210;1;
1704;5;220;1;
1705;5;230;1;
1706;5;240;1;
1707;5;250;1;
1708;6;100;1;
1709;6;110;1;
1710;6;120;1;
1711;6;130;1;
1712;6;140;1;
1713;6;150;1;
1714;6;160;1;
1715;6;170;1;
1716;6;180;1;
1717;6;190;1;
1718;6;200;1;
1719;6;210;1;
1720;6;220;1;
1721;6;230;1;
1722;6;240;1;
1723;6;250;1;
1724;7;100;1;
1725;7;110;1;
1726;7;120;1;
1727;7;130;1;
1728;7;140;1;
1729;7;150;1;
1730;7;160;1;
1731;7;170;1;
1732;7;180;1;
1733;7;190;1;
1734;7;200;1;
1735;7;210;1;
1736;7;220;1;
1737;7;230;1;
1738;7;240;1;
1739;7;250;1;
1740;8;100;1;
1741;8;110;1;
1742;8;120;1;
1743;8;130;1;
1744;8;140;1;
1745;8;150;1;
1746;8;160;1;
1747;8;170;1;
1748;8;180;1;
1749;8;190;1;
1750;8;200;1;
1751;8;210;1;
1752;8;220;1;
1753;8;230;1;
1754;8;240;1;
1755;8;250;1;
1756;9;100;1;
1757;9;110;1;
1758;9;120;1;
1759;9;130;1;
1760;9;140;1;
1761;9;150;1;
1762;9;160;1;
1763;9;170;1;
1764;9;180;1;
1765;9;190;1;
1766;9;200;1;
1767;9;210;1;
1768;9;220;1;
1769;9;230;1;
1770;9;240;1;
1771;9;250;1;
1772;10;100;1;
1773;10;110;1;
1774;10;120;1;
1775;10;130;1;
1776;10;140;1;
1777;10;150;1;
1778;10;160;1;
1779;10;170;1;
1780;10;180;1;
1781;10;190;1;
1782;10;200;1;
1783;10;210;1;
1784;10;220;1;
1785;10;230;1;
1786;10;240;1;
1787;10;250;1;
1788;11;100;1;
1789;11;110;1;
1790;11;120;1;
1791;11;130;1;
1792;11;140;1;
1793;11;150;1;
1794;11;160;1;
1795;11;170;1;
1796;11;180;1;
1797;11;190;1;
1798;11;200;1;
1799;11;210;1;
1800;11;220;1;
1801;11;230;1;
1802;11;240;1;
1803;11;250;1;
1804;12;100;1;
1805;12;110;1;
1806;12;120;1;
1807;12;130;1;
1808;12;140;1;
1809;12;150;1;
1810;12;160;1;
1811;12;170;1;
1812;12;180;1;
1813;12;190;1;
1814;12;200;1;
1815;12;210;1;
1816;12;220;1;
1817;12;230;1;
1818;12;240;1;
1819;12;250;1;
1820;13;100;1;
1821;13;110;1;
1822;13;120;1;
1823;13;130;1;
1824;13;140;1;
1825;13;150;1;
1826;13;160;1;
1827;13;170;1;
1828;13;180;1;
1829;13;190;1;
1830;13;200;1;
1831;13;210;1;
1832;13;220;1;
1833;13;230;1;
1834;13;240;1;
1835;13;250;1;
1836;14;100;1;
1837;14;110;1;
1838;14;120;1;
1839;14;130;1;
1840;14;140;1;
1841;14;150;1;
1842;14;160;1;
1843;14;170;1;
1844;14;180;1;
1845;14;190;1;
1846;14;200;1;
1847;14;210;1;
1848;14;220;1;
1849;14;230;1;
1850;14;240;1;
1851;14;250;1;
1852;15;100;1;
1853;15;110;1;
1854;15;120;1;
1855;15;130;1;
1856;15;140;1;
1857;15;150;1;
1858;15;160;1;
1859;15;170;1;
1860;15;180;1;
1861;15;190;1;
1862;15;200;1;
1863;15;210;1;
1864;15;220;1;
1865;15;230;1;
1866;15;240;1;
1867;15;250;1;
1868;16;100;1;
1869;16;110;1;
1870;16;120;1;
1871;16;130;1;
1872;16;140;1;
1873;16;150;1;
1874;16;160;1;
1875;16;170;1;
1876;16;180;1;
1877;16;190;1;
1878;16;200;1;
1879;16;210;1;
1880;16;220;1;
1881;16;230;1;
1882;16;240;1;
1883;16;250;1;
1884;17;100;1;
1885;17;110;1;
1886;17;120;1;
1887;17;130;1;
1888;17;140;1;
1889;17;150;1;
1890;17;160;1;
1891;17;170;1;
1892;17;180;1;
1893;17;190;1;
1894;17;200;1;
1895;17;210;1;
1896;17;220;1;
1897;17;230;1;
1898;17;240;1;
1899;17;250;1;
1900;18;100;1;
1901;18;110;1;
1902;18;120;1;
1903;18;130;1;
1904;18;140;1;
1905;18;150;1;
1906;18;160;1;
1907;18;170;1;
1908;18;180;1;
1909;18;190;1;
1910;18;200;1;
1911;18;210;1;
1912;18;220;1;
1913;18;230;1;
1914;18;240;1;
1915;18;250;1;
1916;19;100;1;
1917;19;110;1;
1918;19;120;1;
1919;19;130;1;
1920;19;140;1;
1921;19;150;1;
1922;19;160;1;
1923;19;170;1;
1924;19;180;1;
1925;19;190;1;
1926;19;200;1;
1927;19;210;1;
1928;19;220;1;
1929;19;230;1;
1930;19;240;1;
1931;19;250;1;
1932;20;100;1;
1933;20;110;1;
1934;20;120;1;
1935;20;130;1;
1936;20;140;1;
1937;20;150;1;
1938;20;160;1;
1939;20;170;1;
1940;20;180;1;
1941;20;190;1;
1942;20;200;1;
1943;20;210;1;
1944;20;220;1;
1945;20;230;1;
1946;20;240;1;
1947;20;250;1;
1948;21;100;1;
1949;21;110;1;
1950;21;120;1;
1951;21;130;1;
1952;21;140;1;
1953;21;150;1;
1954;21;160;1;
1955;21;170;1;
1956;21;180;1;
1957;21;190;1;
1958;21;200;1;
1959;21;210;1;
1960;21;220;1;
1961;21;230;1;
1962;21;240;1;
1963;21;250;1;
1964;22;100;1;
1965;22;110;1;
1966;22;120;1;
1967;22;130;1;
1968;22;140;1;
1969;22;150;1;
1970;22;160;1;
1971;22;170;1;
1972;22;180;1;
1973;22;190;1;
1974;22;200;1;
1975;22;210;1;
1976;22;220;1;
1977;22;230;1;
1978;22;240;1;
1979;22;250;1;
1980;23;100;1;
1981;23;110;1;
1982;23;120;1;
1983;23;130;1;
1984;23;140;1;
1985;23;150;1;
1986;23;160;1;
1987;23;170;1;
1988;23;180;1;
1989;23;190;1;
1990;23;200;1;
1991;23;210;1;
1992;23;220;1;
1993;23;230;1;
1994;23;240;1;
1995;23;250;1;
1996;24;100;1;
1997;24;110;1;
1998;24;120;1;
1999;24;130;1;
2000;24;140;1;
2001;24;150;1;
2002;24;160;1;
2003;24;170;1;
2004;24;180;1;
2005;24;190;1;
2006;24;200;1;
2007;24;210;1;
2008;24;220;1;
2009;24;230;1;
2010;24;240;1;
2011;24;250;1;
2012;25;100;1;
2013;25;110;1;
2014;25;120;1;
2015;25;130;1;
2016;25;140;1;
2017;25;150;1;
2018;25;160;1;
2019;25;170;1;
2020;25;180;1;
2021;25;190;1;
2022;25;200;1;
2023;25;210;1;
2024;25;220;1;
2025;25;230;1;
2026;25;240;1;
2027;25;250;1;
2028;26;100;1;
2029;26;110;1;
2030;26;120;1;
2031;26;130;1;
2032;26;140;1;
2033;26;150;1;
2034;26;160;1;
2035;26;170;1;
2036;26;180;1;
2037;26;190;1;
2038;26;200;1;
2039;26;210;1;
2040;26;220;1;
2041;26;230;1;
2042;26;240;1;
2043;26;250;1;
2044;27;100;1;
2045;27;110;1;
2046;27;120;1;
2047;27;130;1;
2048;27;140;1;
2049;27;150;1;
2050;27;160;1;
2051;27;170;1;
2052;27;180;1;
2053;27;190;1;
2054;27;200;1;
2055;27;210;1;
2056;27;220;1;
2057;27;230;1;
2058;27;240;1;
2059;27;250;1;
2060;28;100;1;
2061;28;110;1;
2062;28;120;1;
2063;28;130;1;
2064;28;140;1;
2065;28;150;1;
2066;28;160;1;
2067;28;170;1;
2068;28;180;1;
2069;28;190;1;
2070;28;200;1;
2071;28;210;1;
2072;28;220;1;
2073;28;230;1;
2074;28;240;1;
2075;28;250;1;
2076;29;100;1;
2077;29;110;1;
2078;29;120;1;
2079;29;130;1;
2080;29;140;1;
2081;29;150;1;
2082;29;160;1;
2083;29;170;1;
2084;29;180;1;
2085;29;190;1;
2086;29;200;1;
2087;29;210;1;
2088;29;220;1;
2089;29;230;1;
2090;29;240;1;
2091;29;250;1;
2092;30;100;1;
2093;30;110;1;
2094;30;120;1;
2095;30;130;1;
2096;30;140;1;
2097;30;150;1;
2098;30;160;1;
2099;30;170;1;
2100;30;180;1;
2101;30;190;1;
2102;30;200;1;
2103;30;210;1;
2104;30;220;1;
2105;30;230;1;
2106;30;240;1;
2107;30;250;1;
2108;31;100;1;
2109;31;110;1;
2110;31;120;1;
2111;31;130;1;
2112;31;140;1;
2113;31;150;1;
2114;31;160;1;
2115;31;170;1;
2116;31;180;1;
2117;31;190;1;
2118;31;200;1;
2119;31;210;1;
2120;31;220;1;
2121;31;230;1;
2122;31;240;1;
2123;31;250;1;
2124;32;100;1;
2125;32;110;1;
2126;32;120;1;
2127;32;130;1;
2128;32;140;1;
2129;32;150;1;
2130;32;160;1;
2131;32;170;1;
2132;32;180;1;
2133;32;190;1;
2134;32;200;1;
2135;32;210;1;
2136;32;220;1;
2137;32;230;1;
2138;32;240;1;
2139;32;250;1;
2140;33;100;1;
2141;33;110;1;
2142;33;120;1;
2143;33;130;1;
2144;33;140;1;
2145;33;150;1;
2146;33;160;1;
2147;33;170;1;
2148;33;180;1;
2149;33;190;1;
2150;33;200;1;
2151;33;210;1;
2152;33;220;1;
2153;33;230;1;
2154;33;240;1;
2155;33;250;1;
2156;34;100;1;
2157;34;110;1;
2158;34;120;1;
2159;34;130;1;
2160;34;140;1;
2161;34;150;1;
2162;34;160;1;
2163;34;170;1;
2164;34;180;1;
2165;34;190;1;
2166;34;200;1;
2167;34;210;1;
2168;34;220;1;
2169;34;230;1;
2170;34;240;1;
2171;34;250;1;
2172;35;100;1;
2173;35;110;1;
2174;35;120;1;
2175;35;130;1;
2176;35;140;1;
2177;35;150;1;
2178;35;160;1;
2179;35;170;1;
2180;35;180;1;
2181;35;190;1;
2182;35;200;1;
2183;35;210;1;
2184;35;220;1;
2185;35;230;1;
2186;35;240;1;
2187;35;250;1;
2188;36;100;1;
2189;36;110;1;
2190;36;120;1;
2191;36;130;1;
2192;36;140;1;
2193;36;150;1;
2194;36;160;1;
2195;36;170;1;
2196;36;180;1;
2197;36;190;1;
2198;36;200;1;
2199;36;210;1;
2200;36;220;1;
2201;36;230;1;
2202;36;240;1;
2203;36;250;1;
2204;37;100;1;
2205;37;110;1;
2206;37;120;1;
2207;37;130;1;
2208;37;140;1;
2209;37;150;1;
2210;37;160;1;
2211;37;170;1;
2212;37;180;1;
2213;37;190;1;
2214;37;200;1;
2215;37;210;1;
2216;37;220;1;
2217;37;230;1;
2218;37;240;1;
2219;37;250;1;
2220;38;100;1;
2221;38;110;1;
2222;38;120;1;
2223;38;130;1;
2224;38;140;1;
2225;38;150;1;
2226;38;160;1;
2227;38;170;1;
2228;38;180;1;
2229;38;190;1;
2230;38;200;1;
2231;38;210;1;
2232;38;220;1;
2233;38;230;1;
2234;38;240;1;
2235;38;250;1;
2236;39;100;1;
2237;39;110;1;
2238;39;120;1;
2239;39;130;1;
2240;39;140;1;
2241;39;150;1;
2242;39;160;1;
2243;39;170;1;
2244;39;180;1;
2245;39;190;1;
2246;39;200;1;
2247;39;210;1;
2248;39;220;1;
2249;39;230;1;
2250;39;240;1;
2251;39;250;1;
2252;40;100;1;
2253;40;110;1;
2254;40;120;1;
2255;40;130;1;
2256;40;140;1;
2257;40;150;1;
2258;40;160;1;
2259;40;170;1;
2260;40;180;1;
2261;40;190;1;
2262;40;200;1;
2263;40;210;1;
2264;40;220;1;
2265;40;230;1;
2266;40;240;1;
2267;40;250;1;
2268;41;100;1;
2269;41;110;1;
2270;41;120;1;
2271;41;130;1;
2272;41;140;1;
2273;41;150;1;
2274;41;160;1;
2275;41;170;1;
2276;41;180;1;
2277;41;190;1;
2278;41;200;1;
2279;41;210;1;
2280;41;220;1;
2281;41;230;1;
2282;41;240;1;
2283;41;250;1;
2284;42;100;1;
2285;42;110;1;
2286;42;120;1;
2287;42;130;1;
2288;42;140;1;
2289;42;150;1;
2290;42;160;1;
2291;42;170;1;
2292;42;180;1;
2293;42;190;1;
2294;42;200;1;
2295;42;210;1;
2296;42;220;1;
2297;42;230;1;
2298;42;240;1;
2299;42;250;1;
2300;43;100;1;
2301;43;110;1;
2302;43;120;1;
2303;43;130;1;
2304;43;140;1;
2305;43;150;1;
2306;43;160;1;
2307;43;170;1;
2308;43;180;1;
2309;43;190;1;
2310;43;200;1;
2311;43;210;1;
2312;43;220;1;
2313;43;230;1;
2314;43;240;1;
2315;43;250;1;
2316;44;100;1;
2317;44;110;1;
2318;44;120;1;
2319;44;130;1;
2320;44;140;1;
2321;44;150;1;
2322;44;160;1;
2323;44;170;1;
2324;44;180;1;
2325;44;190;1;
2326;44;200;1;
2327;44;210;1;
2328;44;220;1;
2329;44;230;1;
2330;44;240;1;
2331;44;250;1;
2332;45;100;1;
2333;45;110;1;
2334;45;120;1;
2335;45;130;1;
2336;45;140;1;
2337;45;150;1;
2338;45;160;1;
2339;45;170;1;
2340;45;180;1;
2341;45;190;1;
2342;45;200;1;
2343;45;210;1;
2344;45;220;1;
2345;45;230;1;
2346;45;240;1;
2347;45;250;1;
2348;46;100;1;
2349;46;110;1;
2350;46;120;1;
2351;46;130;1;
2352;46;140;1;
2353;46;150;1;
2354;46;160;1;
2355;46;170;1;
2356;46;180;1;
2357;46;190;1;
2358;46;200;1;
2359;46;210;1;
2360;46;220;1;
2361;46;230;1;
2362;46;240;1;
2363;46;250;1;
2364;47;100;1;
2365;47;110;1;
2366;47;120;1;
2367;47;130;1;
2368;47;140;1;
2369;47;150;1;
2370;47;160;1;
2371;47;170;1;
2372;47;180;1;
2373;47;190;1;
2374;47;200;1;
2375;47;210;1;
2376;47;220;1;
2377;47;230;1;
2378;47;240;1;
2379;47;250;1;
2380;48;100;1;
2381;48;110;1;
2382;48;120;1;
2383;48;130;1;
2384;48;140;1;
2385;48;150;1;
2386;48;160;1;
2387;48;170;1;
2388;48;180;1;
2389;48;190;1;
2390;48;200;1;
2391;48;210;1;
2392;48;220;1;
2393;48;230;1;
2394;48;240;1;
2395;48;250;1;
2396;49;100;1;
2397;49;110;1;
2398;49;120;1;
2399;49;130;1;
2400;49;140;1;
2401;49;150;1;
2402;49;160;1;
2403;49;170;1;
2404;49;180;1;
2405;49;190;1;
2406;49;200;1;
2407;49;210;1;
2408;49;220;1;
2409;49;230;1;
2410;49;240;1;
2411;49;250;1;
2412;50;100;1;
2413;50;110;1;
2414;50;120;1;
2415;50;130;1;
2416;50;140;1;
2417;50;150;1;
2418;50;160;1;
2419;50;170;1;
2420;50;180;1;
2421;50;190;1;
2422;50;200;1;
2423;50;210;1;
2424;50;220;1;
2425;50;230;1;
2426;50;240;1;
2427;50;250;1;
2428;51;100;1;
2429;51;110;1;
2430;51;120;1;
2431;51;130;1;
2432;51;140;1;
2433;51;150;1;
2434;51;160;1;
2435;51;170;1;
2436;51;180;1;
2437;51;190;1;
2438;51;200;1;
2439;51;210;1;
2440;51;220;1;
2441;51;230;1;
2442;51;240;1;
2443;51;250;1;
2444;52;100;1;
2445;52;110;1;
2446;52;120;1;
2447;52;130;1;
2448;52;140;1;
2449;52;150;1;
2450;52;160;1;
2451;52;170;1;
2452;52;180;1;
2453;52;190;1;
2454;52;200;1;
2455;52;210;1;
2456;52;220;1;
2457;52;230;1;
2458;52;240;1;
2459;52;250;1;
2460;53;100;1;
2461;53;110;1;
2462;53;120;1;
2463;53;130;1;
2464;53;140;1;
2465;53;150;1;
2466;53;160;1;
2467;53;170;1;
2468;53;180;1;
2469;53;190;1;
2470;53;200;1;
2471;53;210;1;
2472;53;220;1;
2473;53;230;1;
2474;53;240;1;
2475;53;250;1;
2476;54;100;1;
2477;54;110;1;
2478;54;120;1;
2479;54;130;1;
2480;54;140;1;
2481;54;150;1;
2482;54;160;1;
2483;54;170;1;
2484;54;180;1;
2485;54;190;1;
2486;54;200;1;
2487;54;210;1;
2488;54;220;1;
2489;54;230;1;
2490;54;240;1;
2491;54;250;1;
2492;55;100;1;
2493;55;110;1;
2494;55;120;1;
2495;55;130;1;
2496;55;140;1;
2497;55;150;1;
2498;55;160;1;
2499;55;170;1;
2500;55;180;1;
2501;55;190;1;
2502;55;200;1;
2503;55;210;1;
2504;55;220;1;
2505;55;230;1;
2506;55;240;1;
2507;55;250;1;
2508;56;100;1;
2509;56;110;1;
2510;56;120;1;
2511;56;130;1;
2512;56;140;1;
2513;56;150;1;
2514;56;160;1;
2515;56;170;1;
2516;56;180;1;
2517;56;190;1;
2518;56;200;1;
2519;56;210;1;
2520;56;220;1;
2521;56;230;1;
2522;56;240;1;
2523;56;250;1;
2524;57;100;1;
2525;57;110;1;
2526;57;120;1;
2527;57;130;1;
2528;57;140;1;
2529;57;150;1;
2530;57;160;1;
2531;57;170;1;
2532;57;180;1;
2533;57;190;1;
2534;57;200;1;
2535;57;210;1;
2536;57;220;1;
2537;57;230;1;
2538;57;240;1;
2539;57;250;1;
2540;58;100;1;
2541;58;110;1;
2542;58;120;1;
2543;58;130;1;
2544;58;140;1;
2545;58;150;1;
2546;58;160;1;
2547;58;170;1;
2548;58;180;1;
2549;58;190;1;
2550;58;200;1;
2551;58;210;1;
2552;58;220;1;
2553;58;230;1;
2554;58;240;1;
2555;58;250;1;
2556;59;100;1;
2557;59;110;1;
2558;59;120;1;
2559;59;130;1;
2560;59;140;1;
2561;59;150;1;
2562;59;160;1;
2563;59;170;1;
2564;59;180;1;
2565;59;190;1;
2566;59;200;1;
2567;59;210;1;
2568;59;220;1;
2569;59;230;1;
2570;59;240;1;
2571;59;250;1;
2572;60;100;1;
2573;60;110;1;
2574;60;120;1;
2575;60;130;1;
2576;60;140;1;
2577;60;150;1;
2578;60;160;1;
2579;60;170;1;
2580;60;180;1;
2581;60;190;1;
2582;60;200;1;
2583;60;210;1;
2584;60;220;1;
2585;60;230;1;
2586;60;240;1;
2587;60;250;1;
2588;61;100;1;
2589;61;110;1;
2590;61;120;1;
2591;61;130;1;
2592;61;140;1;
2593;61;150;1;
2594;61;160;1;
2595;61;170;1;
2596;61;180;1;
2597;61;190;1;
2598;61;200;1;
2599;61;210;1;
2600;61;220;1;
2601;61;230;1;
2602;61;240;1;
2603;61;250;1;
2604;62;100;1;
2605;62;110;1;
2606;62;120;1;
2607;62;130;1;
2608;62;140;1;
2609;62;150;1;
2610;62;160;1;
2611;62;170;1;
2612;62;180;1;
2613;62;190;1;
2614;62;200;1;
2615;62;210;1;
2616;62;220;1;
2617;62;230;1;
2618;62;240;1;
2619;62;250;1;
2620;63;100;1;
2621;63;110;1;
2622;63;120;1;
2623;63;130;1;
2624;63;140;1;
2625;63;150;1;
2626;63;160;1;
2627;63;170;1;
2628;63;180;1;
2629;63;190;1;
2630;63;200;1;
2631;63;210;1;
2632;63;220;1;
2633;63;230;1;
2634;63;240;1;
2635;63;250;1;
2636;64;100;1;
2637;64;110;1;
2638;64;120;1;
2639;64;130;1;
2640;64;140;1;
2641;64;150;1;
2642;64;160;1;
2643;64;170;1;
2644;64;180;1;
2645;64;190;1;
2646;64;200;1;
2647;64;210;1;
2648;64;220;1;
2649;64;230;1;
2650;64;240;1;
2651;64;250;1;
2652;65;100;1;
2653;65;110;1;
2654;65;120;1;
2655;65;130;1;
2656;65;140;1;
2657;65;150;1;
2658;65;160;1;
2659;65;170;1;
2660;65;180;1;
2661;65;190;1;
2662;65;200;1;
2663;65;210;1;
2664;65;220;1;
2665;65;230;1;
2666;65;240;1;
2667;65;250;1;
2668;66;100;1;
2669;66;110;1;
2670;66;120;1;
2671;66;130;1;
2672;66;140;1;
2673;66;150;1;
2674;66;160;1;
2675;66;170;1;
2676;66;180;1;
2677;66;190;1;
2678;66;200;1;
2679;66;210;1;
2680;66;220;1;
2681;66;230;1;
2682;66;240;1;
2683;66;250;1;
2684;67;100;1;
2685;67;110;1;
2686;67;120;1;
2687;67;130;1;
2688;67;140;1;
2689;67;150;1;
2690;67;160;1;
2691;67;170;1;
2692;67;180;1;
2693;67;190;1;
2694;67;200;1;
2695;67;210;1;
2696;67;220;1;
2697;67;230;1;
2698;67;240;1;
2699;67;250;1;
2700;68;100;1;
2701;68;110;1;
2702;68;120;1;
2703;68;130;1;
2704;68;140;1;
2705;68;150;1;
2706;68;160;1;
2707;68;170;1;
2708;68;180;1;
2709;68;190;1;
2710;68;200;1;
2711;68;210;1;
2712;68;220;1;
2713;68;230;1;
2714;68;240;1;
2715;68;250;1;
2716;69;100;1;
2717;69;110;1;
2718;69;120;1;
2719;69;130;1;
2720;69;140;1;
2721;69;150;1;
2722;69;160;1;
2723;69;170;1;
2724;69;180;1;
2725;69;190;1;
2726;69;200;1;
2727;69;210;1;
2728;69;220;1;
2729;69;230;1;
2730;69;240;1;
2731;69;250;1;
2732;70;100;1;
2733;70;110;1;
2734;70;120;1;
2735;70;130;1;
2736;70;140;1;
2737;70;150;1;
2738;70;160;1;
2739;70;170;1;
2740;70;180;1;
2741;70;190;1;
2742;70;200;1;
2743;70;210;1;
2744;70;220;1;
2745;70;230;1;
2746;70;240;1;
2747;70;250;1;
2748;71;100;1;
2749;71;110;1;
2750;71;120;1;
2751;71;130;1;
2752;71;140;1;
2753;71;150;1;
2754;71;160;1;
2755;71;170;1;
2756;71;180;1;
2757;71;190;1;
2758;71;200;1;
2759;71;210;1;
2760;71;220;1;
2761;71;230;1;
2762;71;240;1;
2763;71;250;1;
2764;72;100;1;
2765;72;110;1;
2766;72;120;1;
2767;72;130;1;
2768;72;140;1;
2769;72;150;1;
2770;72;160;1;
2771;72;170;1;
2772;72;180;1;
2773;72;190;1;
2774;72;200;1;
2775;72;210;1;
2776;72;220;1;
2777;72;230;1;
2778;72;240;1;
2779;72;250;1;
2780;73;100;1;
2781;73;110;1;
2782;73;120;1;
2783;73;130;1;
2784;73;140;1;
2785;73;150;1;
2786;73;160;1;
2787;73;170;1;
2788;73;180;1;
2789;73;190;1;
2790;73;200;1;
2791;73;210;1;
2792;73;220;1;
2793;73;230;1;
2794;73;240;1;
2795;73;250;1;
2796;74;100;1;
2797;74;110;1;
2798;74;120;1;
2799;74;130;1;
2800;74;140;1;
2801;74;150;1;
2802;74;160;1;
2803;74;170;1;
2804;74;180;1;
2805;74;190;1;
2806;74;200;1;
2807;74;210;1;
2808;74;220;1;
2809;74;230;1;
2810;74;240;1;
2811;74;250;1;
2812;75;100;1;
2813;75;110;1;
2814;75;120;1;
2815;75;130;1;
2816;75;140;1;
2817;75;150;1;
2818;75;160;1;
2819;75;170;1;
2820;75;180;1;
2821;75;190;1;
2822;75;200;1;
2823;75;210;1;
2824;75;220;1;
2825;75;230;1;
2826;75;240;1;
2827;75;250;1;
2828;76;100;1;
2829;76;110;1;
2830;76;120;1;
2831;76;130;1;
2832;76;140;1;
2833;76;150;1;
2834;76;160;1;
2835;76;170;1;
2836;76;180;1;
2837;76;190;1;
2838;76;200;1;
2839;76;210;1;
2840;76;220;1;
2841;76;230;1;
2842;76;240;1;
2843;76;250;1;
2844;77;100;1;
2845;77;110;1;
2846;77;120;1;
2847;77;130;1;
2848;77;140;1;
2849;77;150;1;
2850;77;160;1;
2851;77;170;1;
2852;77;180;1;
2853;77;190;1;
2854;77;200;1;
2855;77;210;1;
2856;77;220;1;
2857;77;230;1;
2858;77;240;1;
2859;77;250;1;
2860;78;100;1;
2861;78;110;1;
2862;78;120;1;
2863;78;130;1;
2864;78;140;1;
2865;78;150;1;
2866;78;160;1;
2867;78;170;1;
2868;78;180;1;
2869;78;190;1;
2870;78;200;1;
2871;78;210;1;
2872;78;220;1;
2873;78;230;1;
2874;78;240;1;
2875;78;250;1;
2876;79;100;1;
2877;79;110;1;
2878;79;120;1;
2879;79;130;1;
2880;79;140;1;
2881;79;150;1;
2882;79;160;1;
2883;79;170;1;
2884;79;180;1;
2885;79;190;1;
2886;79;200;1;
2887;79;210;1;
2888;79;220;1;
2889;79;230;1;
2890;79;240;1;
2891;79;250;1;
2892;80;100;1;
2893;80;110;1;
2894;80;120;1;
2895;80;130;1;
2896;80;140;1;
2897;80;150;1;
2898;80;160;1;
2899;80;170;1;
2900;80;180;1;
2901;80;190;1;
2902;80;200;1;
2903;80;210;1;
2904;80;220;1;
2905;80;230;1;
2906;80;240;1;
2907;80;250;1;
2908;81;100;1;
2909;81;110;1;
2910;81;120;1;
2911;81;130;1;
2912;81;140;1;
2913;81;150;1;
2914;81;160;1;
2915;81;170;1;
2916;81;180;1;
2917;81;190;1;
2918;81;200;1;
2919;81;210;1;
2920;81;220;1;
2921;81;230;1;
2922;81;240;1;
2923;81;250;1;
2924;82;100;1;
2925;82;110;1;
2926;82;120;1;
2927;82;130;1;
2928;82;140;1;
2929;82;150;1;
2930;82;160;1;
2931;82;170;1;
2932;82;180;1;
2933;82;190;1;
2934;82;200;1;
2935;82;210;1;
2936;82;220;1;
2937;82;230;1;
2938;82;240;1;
2939;82;250;1;
2940;83;100;1;
2941;83;110;1;
2942;83;120;1;
2943;83;130;1;
2944;83;140;1;
2945;83;150;1;
2946;83;160;1;
2947;83;170;1;
2948;83;180;1;
2949;83;190;1;
2950;83;200;1;
2951;83;210;1;
2952;83;220;1;
2953;83;230;1;
2954;83;240;1;
2955;83;250;1;
2956;84;100;1;
2957;84;110;1;
2958;84;120;1;
2959;84;130;1;
2960;84;140;1;
2961;84;150;1;
2962;84;160;1;
2963;84;170;1;
2964;84;180;1;
2965;84;190;1;
2966;84;200;1;
2967;84;210;1;
2968;84;220;1;
2969;84;230;1;
2970;84;240;1;
2971;84;250;1;
2972;85;100;1;
2973;85;110;1;
2974;85;120;1;
2975;85;130;1;
2976;85;140;1;
2977;85;150;1;
2978;85;160;1;
2979;85;170;1;
2980;85;180;1;
2981;85;190;1;
2982;85;200;1;
2983;85;210;1;
2984;85;220;1;
2985;85;230;1;
2986;85;240;1;
2987;85;250;1;
2988;86;100;1;
2989;86;110;1;
2990;86;120;1;
2991;86;130;1;
2992;86;140;1;
2993;86;150;1;
2994;86;160;1;
2995;86;170;1;
2996;86;180;1;
2997;86;190;1;
2998;86;200;1;
2999;86;210;1;
