node_glimmering_isles={
	location=4398
	color={
		56 87 168 
	}
	outgoing={
		name="node_emerald_isles"
		path={
			4179 4178 4171 4172 4325 4335 
		}
		control={
			567.000000 1128.000000 599.000000 910.000000 
		}
	}
	outgoing={
		name="node_ruby_isles"
		path={
			4397 4182 4183 4185 4384 4381 
		}
		control={
			270.000000 1198.000000 374.000000 1032.000000 
		}
	}
	members={
		4393 4392 4391 4395 4394 4396 4390 4389 4387 4400 4401 4399 4388 4404 4398 4397 4405 4406 4403 4402 
	}
}
node_ruby_isles={
	location=4381
	color={
		171 35 26 
	}
	outgoing={
		name="node_emerald_isles"
		path={
			4186 4170 4329 4328 4326 4325 4335 
		}
		control={
			437.000000 856.000000 
		}
	}
	members={
		4366 4369 4365 4367 4364 4362 4368 4370 4361 4373 4363 4372 4371 4375 4376 4374 4377 4378 4379 4380 4386 4385 4383 4384 4382 4381 
	}
}
node_shattered_isles={
	location=4255
	color={
		181 179 38 
	}
	outgoing={
		name="node_emerald_isles"
		path={
			120 4156 4157 4248 4168 4319 4347 4346 4335 
		}
		control={
			446.000000 385.000000 430.000000 527.000000 
		}
	}
	members={
		4232 4233 4234 4235 4236 4237 4238 4239 4240 4244 4246 4245 4243 4242 4241 4247 4248 4291 4294 4292 4293 4288 4290 4289 4287 4249 4250 4253 4251 4252 4259 4254 4255 4258 4256 4260 4257 4266 4265 4264 4263 4262 4270 4269 4267 4273 4268 4271 4261 4274 4286 4272 4275 4277 4276 4278 4285 4283 4284 4281 4282 4280 4279 
	}
}
node_emerald_isles={
	location=4335
	color={
		49 179 45 
	}
	outgoing={
		name="node_mare_magnum"
		path={
			4173 4174 4215 107 90 91 2306 1499 1491 1493 2312 2313 2315 2316 2317 2318 1457 9 373 381 
		}
		control={
			1069.000000 57.000000 1991.000000 155.000000 
		}
	}
	outgoing={
		name="node_uldum"
		path={
			4173 4174 4215 138 94 95 1138 1234 1573 1568 1569 
		}
		control={
			693.000000 699.000000 1078.000000 148.000000 
		}
	}
	outgoing={
		name="node_darkshore"
		path={
			4173 4176 4223 4224 4213 111 50 75 77 47 1300 
		}
		control={
			685.000000 914.000000 1206.000000 1509.000000 
		}
	}
	outgoing={
		name="node_feralas"
		path={
			4173 4174 4215 138 90 91 1488 1250 1490 
		}
		control={
			699.000000 792.000000 1107.000000 611.000000 
		}
	}
	members={
		4354 4353 4355 4352 4351 4350 4349 4348 4356 4357 4358 4359 4360 4344 4342 4343 4327 4325 4326 4323 4322 4324 4321 4328 4329 4330 4331 4333 4332 4334 4335 4336 4346 4340 4341 4320 4337 4338 4339 4347 4345 4319 4318 4317 4312 4316 4314 4313 4315 4307 4310 4306 4305 4308 4304 4303 4302 4311 4309 4301 4300 4297 4299 4298 4296 4295 
	}
}
node_maelstrom={
	location=2700
	color={
		0 0 0 
	}
	outgoing={
		name="node_nazjatar"
		path={
			3160 399 400 396 616 
		}
		control={
			2570.000000 1154.000000 
		}
	}
	outgoing={
		name="node_kunlai"
		path={
			3159 4024 4020 406 4027 4119 410 3213 3214 1901 
		}
		control={
			2799.000000 780.000000 
		}
	}
	outgoing={
		name="node_zandalar"
		path={
			3158 4023 4022 4021 4016 1114 1115 1117 1108 2469 
		}
		control={
			3047.000000 958.000000 
		}
	}
	members={
		2700 3157 3158 3159 3160 1560 1561 4115 4114 4112 4116 4117 4113 4118 4153 4154 4151 4150 4149 4148 4147 4152 4141 4142 4143 4144 4145 4146 
	}
}
node_bloodmyst={
	location=1077
	color={
		174 31 30 
	}
	outgoing={
		name="node_azuremyst"
		path={
			3367 2269 63 61 3345 3344 
		}
		control={
			843.000000 1681.000000 866.000000 1670.000000 880.000000 1643.000000 879.000000 1623.000000 883.000000 1608.000000 887.000000 1582.000000 925.000000 1572.000000 929.000000 1553.000000 913.000000 1536.000000 903.000000 1512.000000 918.000000 1484.000000 911.000000 1468.000000 884.000000 1468.000000 871.000000 1479.000000 861.000000 1493.000000 839.000000 1504.000000 
		}
	}
	members={
		2271 2272 1085 3369 1084 2269 2270 3370 3371 3372 2273 1081 1082 3368 1077 2266 3364 1083 2267 1080 2275 1079 3360 1078 1076 2274 3361 3366 1074 1075 2268 3362 3363 3365 3367 
	}
}
node_azuremyst={
	location=3344
	color={
		105 213 232 
	}
	outgoing={
		name="node_darkshore"
		path={
			1087 1095 1086 1088 55 54 80 78 47 1300 
		}
		control={
			830.000000 1509.000000 827.000000 1488.000000 804.000000 1487.000000 772.000000 1469.000000 753.000000 1433.000000 760.000000 1390.000000 795.000000 1378.000000 829.000000 1400.000000 871.000000 1405.000000 904.000000 1429.000000 968.080017 1409.410034 1055.000000 1424.000000 1090.000000 1480.000000 1106.000000 1555.000000 1186.000000 1595.000000 1263.000000 1575.000000 1313.000000 1605.000000 
		}
	}
	outgoing={
		name="node_teldrassil"
		path={
			59 3327 
		}
		control={
			830.000000 1509.000000 827.000000 1488.000000 804.000000 1487.000000 772.000000 1469.000000 753.000000 1433.000000 760.000000 1390.000000 795.000000 1378.000000 829.000000 1400.000000 871.000000 1405.000000 904.000000 1429.000000 968.000000 1409.000000 1055.000000 1424.000000 1090.000000 1480.000000 1106.000000 1555.000000 1192.000000 1604.000000 1254.000000 1649.000000 1296.000000 1697.000000 1299.000000 1737.000000 1297.000000 1770.000000 1284.000000 1774.000000 1258.000000 1774.000000 1213.000000 1777.000000 1188.000000 1800.000000 1185.000000 1835.000000 1200.000000 1855.000000 
		}
	}
	members={
		1094 2261 1093 2258 2259 2260 1089 2262 3352 3353 3354 3358 1090 1091 1092 2263 3350 3373 3374 3349 1087 2265 3344 3345 3346 3347 3348 3351 1086 1088 1095 2264 3355 3356 3357 
	}
}
node_teldrassil={
	location=3327
	color={
		40 246 91 
	}
	outgoing={
		name="node_darkshore"
		path={
			3329 1071 2019 38 37 1300 
		}
		control={
			1229.000000 1851.000000 1234.000000 1837.000000 1219.000000 1826.000000 1205.000000 1833.000000 1185.000000 1826.000000 1188.000000 1800.000000 1213.000000 1777.000000 1258.000000 1774.000000 1284.000000 1774.000000 1297.000000 1770.000000 1299.000000 1737.000000 1306.000000 1697.000000 1308.000000 1643.000000 
		}
	}
	members={
		1070 3336 3337 3338 1071 3267 3329 3333 1069 3340 3341 3342 1067 1068 1072 3334 3335 3339 1073 3168 3169 3170 3325 3326 3327 1065 3328 3330 3331 3332 
	}
}
node_silithus={
	location=1513
	color={
		224 179 159 
	}
	outgoing={
		name="node_feralas"
		path={
			1509 448 1246 1499 1490 
		}
		control={
			1288.000000 486.000000 1291.000000 524.000000 1283.000000 567.000000 1267.430054 598.859985 1271.000000 634.000000 1260.000000 665.000000 
		}
	}
	outgoing={
		name="node_uldum"
		path={
			1512 1518 3215 3216 480 1569 
		}
		control={
			1321.000000 414.000000 1350.000000 362.000000 1410.000000 299.000000 
		}
	}
	outgoing={
		name="node_ungoro"
		path={
			1510 1419 1536 1540 1532 
		}
		control={
			1322.000000 479.000000 1368.000000 494.000000 1422.000000 479.000000 1432.000000 445.000000 1456.000000 438.000000 1455.000000 420.000000 1467.000000 405.000000 1491.000000 402.000000 
		}
	}
	members={
		1511 1510 1513 1509 1515 1508 1516 1514 1519 1512 1518 1517 1522 3215 366 3161 3162 365 367 361 360 2330 2329 362 1521 363 1520 3163 364 3219 1014 448 1245 4058 4061 4060 4057 4059 
	}
}
node_desolace={
	location=1389
	color={
		134 132 132 
	}
	outgoing={
		name="node_mulgore"
		path={
			1293 1397 1473 
		}
		control={
			1290.000000 926.000000 1318.000000 935.000000 1345.000000 928.000000 
		}
	}
	outgoing={
		name="node_stonetalon"
		path={
			1294 1405 
		}
		control={
			1277.000000 978.000000 1271.000000 993.000000 1257.000000 1016.000000 1256.000000 1040.000000 1236.000000 1056.000000 1232.000000 1076.000000 1245.000000 1100.000000 1246.000000 1125.000000 1259.000000 1151.000000 1268.000000 1181.000000 1283.000000 1182.000000 1293.000000 1160.000000 
		}
	}
	outgoing={
		name="node_feralas"
		path={
			2300 1255 1402 1396 2301 1485 1251 1486 1490 
		}
		control={
			1280.000000 928.000000 1260.000000 905.000000 1215.000000 897.000000 1187.000000 877.000000 1158.000000 879.000000 1137.000000 883.000000 1132.000000 869.000000 1156.000000 858.000000 1173.000000 841.000000 1184.000000 812.000000 1180.000000 782.000000 1189.000000 757.000000 1190.000000 725.000000 1190.000000 697.000000 1217.109985 681.789978 
		}
	}
	members={
		2299 1400 1387 2298 1467 1390 1255 2300 1403 1399 1391 1254 1256 1392 1395 1398 1394 2302 1396 2301 1402 1401 1257 1393 1389 1293 1292 1294 3663 3664 3665 3666 3667 3668 3669 3670 3671 3672 3673 3674 3675 3676 3677 3678 3679 3680 3681 3682 3683 3684 3685 3686 3687 3688 3689 3690 3691 3692 3693 3694 3695 
	}
}
node_feralas={
	location=1490
	color={
		91 134 53 
	}
	outgoing={
		name="node_thousand_needles"
		path={
			1491 1493 1494 2312 1496 2313 2320 2317 2318 
		}
		control={
			1280.000000 681.000000 1319.000000 656.000000 1340.000000 672.000000 1341.000000 701.000000 1362.000000 705.000000 1391.000000 689.000000 1418.000000 664.000000 1443.000000 656.000000 1470.000000 627.000000 1486.000000 624.000000 1494.000000 615.000000 1509.000000 608.000000 1522.000000 594.000000 1538.000000 571.000000 1586.000000 557.000000 1614.000000 572.000000 1647.000000 555.000000 1684.000000 547.000000 
		}
	}
	outgoing={
		name="node_darkshore"
		path={
			1250 1300 
		}
		control={
			1235.000000 682.000000 1198.000000 670.000000 1187.000000 636.000000 1156.609985 623.429993 1123.000000 633.000000 1103.000000 655.000000 1097.000000 704.000000 1086.000000 763.000000 1098.000000 828.000000 1087.000000 901.000000 1105.000000 991.000000 1167.000000 1053.000000 1160.000000 1132.000000 1109.000000 1230.000000 1136.000000 1305.000000 1253.000000 1318.000000 1281.000000 1343.000000 1245.000000 1385.000000 1279.000000 1457.000000 1289.000000 1510.000000 1287.000000 1564.000000 1313.000000 1595.000000 
		}
	}
	members={
		2312 2310 1496 1493 1494 2309 1495 2308 3218 1249 1492 2307 1246 1490 2504 1252 1253 2306 1488 1498 1250 1489 1486 1251 1485 2304 1497 2303 2305 1487 1491 1499 1248 1247 568 569 572 4449 4450 4451 4452 4453 4454 4455 4456 4457 4458 4459 4460 4461 4462 4463 4464 4465 4466 4467 4468 4469 4470 4471 4472 4473 4474 4475
        4476 4477 4478 4479 4480 4481 4482 4483 4484 4485 4486 4487 4488 4489 4490 4491 4492 4493 4494 4495 4496
    
	}
}
node_thousand_needles={
	location=2318
	color={
		208 94 3 
	}
	inland=yes
	outgoing={
		name="node_barrens"
		path={
			2317 2315 1459 1446 3438 1444 3447 1422 1373 
		}
		control={
			1688.000000 561.000000 1644.000000 570.000000 1572.000000 589.000000 1540.229980 597.549988 1527.000000 610.000000 1528.000000 644.000000 1536.000000 685.000000 1539.010010 741.820007 1544.000000 785.000000 1557.000000 830.000000 1582.000000 874.000000 1616.000000 919.000000 1622.000000 958.000000 1598.000000 977.000000 
		}
	}
	outgoing={
		name="node_tanaris"
		path={
			2319 1550 1543 
		}
		control={
			1714.000000 513.000000 1702.000000 496.000000 1680.000000 486.000000 1663.000000 467.000000 1661.000000 443.000000 
		}
	}
	outgoing={
		name="node_mulgore"
		path={
			2317 2313 2311 1477 1475 2297 1473 
		}
		control={
			1689.000000 561.000000 1589.000000 585.000000 1540.000000 597.000000 1481.000000 650.000000 1438.000000 692.000000 1399.000000 724.000000 1399.000000 792.000000 1415.000000 835.000000 1394.000000 862.000000 1387.000000 901.000000 1357.000000 925.000000 
		}
	}
	outgoing={
		name="node_dustwallow_marsh"
		path={
			2317 2315 1459 1448 1463 3504 2953 1461 2951 1456 
		}
		control={
			1689.000000 561.000000 1643.000000 570.000000 1572.000000 590.000000 1526.000000 610.000000 1537.000000 673.000000 1566.000000 696.000000 1579.000000 720.000000 1601.000000 724.000000 1626.000000 741.000000 1643.000000 762.000000 1649.000000 782.000000 1670.000000 789.000000 1686.000000 772.000000 1711.000000 766.000000 1733.000000 742.000000 1744.000000 731.000000 
		}
	}
	members={
		1457 1460 1581 2318 2319 2317 2316 2320 2315 2314 2313 1582 1583 1584 1585 1580 1579 1550 1449 1459 1458 
	}
}
node_hyjal={
	location=1334
	color={
		15 135 13 
	}
	inland=yes
	outgoing={
		name="node_winterspring"
		path={
			1096 1332 2217 1330 
		}
		control={
			1685.000000 1467.000000 1669.000000 1453.000000 1631.000000 1465.000000 1602.000000 1494.000000 1573.000000 1499.000000 1562.000000 1498.000000 1555.000000 1486.000000 1576.000000 1465.000000 1566.000000 1455.000000 1534.000000 1457.000000 1530.000000 1426.000000 1576.000000 1414.000000 1621.000000 1418.000000 1679.000000 1409.000000 1714.000000 1438.000000 1742.000000 1458.000000 1750.000000 1489.000000 1759.000000 1514.000000 1776.000000 1545.000000 1776.000000 1573.000000 
		}
	}
	members={
		1341 1334 3194 3199 3200 1335 3197 3195 3206 1338 1339 1340 3202 1336 1337 3198 3205 1348 1345 1347 1346 3203 1342 1343 1344 
	}
}
node_winterspring={
	location=1330
	color={
		170 231 233 
	}
	inland=yes
	outgoing={
		name="node_felwood"
		path={
			1416 1331 2219 1323 1322 1321 1320 2223 2225 1318 
		}
		control={
			1772.000000 1605.000000 1743.000000 1605.000000 1717.000000 1611.000000 1693.000000 1593.000000 1652.000000 1587.000000 1609.000000 1580.000000 1556.000000 1612.000000 1540.000000 1603.000000 1539.000000 1574.000000 1500.000000 1577.000000 1460.000000 1556.000000 1449.000000 1519.000000 1431.000000 1491.000000 
		}
	}
	outgoing={
		name="node_azshara"
		path={
			2217 28 
		}
		control={
			1797.000000 1574.000000 1779.000000 1527.000000 1788.000000 1487.000000 1782.000000 1454.000000 1792.000000 1418.000000 1784.000000 1388.000000 1798.000000 1357.000000 1832.000000 1341.000000 1886.000000 1343.000000 
		}
	}
	members={
		2216 1333 1332 1412 1330 2217 2218 1416 1331 1427 1418 2219 2220 1323 1329 1327 1424 1328 3204 4094 
	}
}
node_stonetalon={
	location=1405
	color={
		198 130 29 
	}
	inland=yes
	outgoing={
		name="node_ashenvale"
		path={
			1363 1308 1310 
		}
		control={
			1315.000000 1166.000000 1304.000000 1182.000000 1283.000000 1190.000000 1278.000000 1214.000000 1267.000000 1228.000000 1246.000000 1241.000000 1255.000000 1255.000000 1291.000000 1241.000000 1320.000000 1254.000000 1354.000000 1253.000000 1362.000000 1276.000000 1383.000000 1280.000000 
		}
	}
	outgoing={
		name="node_barrens"
		path={
			3389 3453 1368 3455 1373 
		}
		control={
			1319.000000 1144.000000 1320.000000 1125.000000 1354.000000 1109.000000 1346.000000 1079.000000 1362.000000 1058.000000 1414.000000 1044.000000 1446.000000 1026.000000 1487.000000 1017.000000 1522.000000 1004.000000 1557.000000 1011.000000 1583.000000 1002.000000 
		}
	}
	members={
		1355 2277 1359 1358 1360 1386 1405 1357 1362 1364 1367 1361 1406 1363 2278 1407 2279 2280 1408 2281 1366 3656 3655 3654 3634 3662 3653 3649 3651 3652 3657 3658 3648 3661 3660 3659 3647 3645 3646 3650 3639 3640 3642 3641 3636 3638 3637 3635 3644 3643 
	}
}
node_felwood={
	location=1318
	color={
		101 206 120 
	}
	inland=yes
	outgoing={
		name="node_ashenvale"
		path={
			1317 1316 1411 1309 1310 
		}
		control={
			1435.000000 1442.000000 1441.000000 1405.000000 1461.000000 1372.000000 1505.000000 1330.000000 1532.000000 1294.000000 1543.000000 1256.000000 1500.680054 1232.020020 1431.000000 1247.000000 
		}
	}
	outgoing={
		name="node_darkshore"
		path={
			1410 1300 
		}
		control={
			1417.000000 1462.000000 1398.000000 1462.000000 1383.000000 1457.000000 1375.000000 1471.000000 1379.000000 1493.000000 1375.000000 1515.000000 1359.000000 1529.000000 1353.000000 1557.000000 1357.000000 1583.000000 
		}
	}
	members={
		2221 1319 1320 2222 2223 2224 2225 1318 1317 1316 1314 1315 2226 1322 1321 2136 1325 1326 1324 2135 
	}
}
node_ashenvale={
	location=1310
	color={
		130 105 232 
	}
	inland=yes
	outgoing={
		name="node_azshara"
		path={
			2238 2230 1349 2234 1353 2233 1352 2248 1431 
		}
		control={
			1427.000000 1243.000000 1502.000000 1224.000000 1550.000000 1209.000000 1606.000000 1252.000000 1638.000000 1266.000000 1668.000000 1267.000000 1701.000000 1255.000000 1732.000000 1264.000000 1755.000000 1292.000000 1792.000000 1309.000000 1819.000000 1314.000000 1846.000000 1327.000000 
		}
	}
	outgoing={
		name="node_barrens"
		path={
			1313 2232 2231 1351 3475 1420 3473 1421 3464 1373 
		}
		control={
			1425.000000 1243.000000 1502.000000 1224.000000 1546.000000 1207.000000 1576.000000 1197.000000 1580.000000 1183.000000 1564.000000 1167.000000 1568.000000 1138.000000 1591.000000 1090.000000 1604.000000 1039.000000 1603.000000 1011.000000 
		}
	}
	outgoing={
		name="node_durotar"
		path={
			2238 3164 
		}
		control={
			1427.000000 1243.000000 1483.000000 1228.000000 1542.000000 1209.000000 1583.000000 1217.000000 1602.000000 1224.000000 1619.000000 1224.000000 1651.000000 1216.000000 1666.000000 1230.000000 1681.000000 1224.000000 1688.000000 1201.000000 1696.000000 1178.000000 1730.000000 1183.000000 
		}
	}
	outgoing={
		name="node_darkshore"
		path={
			1307 1300 
		}
		control={
			1383.000000 1280.000000 1366.859985 1292.790039 1349.000000 1307.000000 1350.000000 1324.000000 1366.000000 1348.000000 1363.000000 1375.000000 1348.000000 1413.000000 1352.000000 1452.000000 1345.000000 1495.000000 1355.000000 1532.000000 1353.000000 1557.000000 1357.000000 1583.000000 
		}
	}
	members={
		1307 2229 1309 2228 1305 2256 1310 1308 2237 1311 2238 1313 2227 1312 2230 2232 1349 2235 1351 2231 1353 2233 2234 1350 1354 2236 
	}
}
node_darkshore={
	location=1300
	color={
		63 37 89 
	}
	outgoing={
		name="node_azshara"
		path={
			37 28 
		}
		control={
			1338.000000 1646.000000 1405.000000 1667.000000 1443.000000 1714.000000 1526.000000 1751.000000 1619.000000 1795.000000 1739.000000 1805.000000 1802.000000 1756.000000 1879.000000 1720.000000 1901.000000 1678.000000 1869.000000 1589.000000 1905.000000 1519.000000 1942.000000 1479.000000 2011.000000 1453.000000 2054.000000 1404.000000 2020.000000 1369.000000 1975.000000 1359.000000 1938.000000 1360.000000 1922.000000 1351.000000 
		}
	}
	members={
		1295 1296 1297 2255 1298 1299 1300 2254 2253 1301 1302 1303 2251 1410 1304 2252 1306 
	}
}
node_ungoro={
	location=1532
	color={
		27 99 58 
	}
	inland=yes
	outgoing={
		name="node_tanaris"
		path={
			1531 416 1542 1543 
		}
		control={
			1521.000000 390.000000 1530.000000 368.000000 1558.000000 348.000000 1610.000000 343.000000 1650.000000 359.000000 1670.000000 391.000000 
		}
	}
	members={
		1526 1528 1527 1529 1530 1531 1539 1533 1534 1540 1532 1535 1536 1537 3217 2322 
	}
}
node_uldum={
	location=1569
	color={
		213 209 48 
	}
	outgoing={
		name="node_tanaris"
		path={
			1571 1538 1545 1554 1543 
		}
		control={
			1481.000000 245.000000 1481.000000 219.000000 1471.000000 190.000000 1497.000000 167.000000 1498.000000 117.000000 1524.229980 80.129997 1588.000000 99.000000 1649.000000 175.000000 1698.000000 157.000000 1748.000000 183.000000 1767.000000 253.000000 1800.000000 309.000000 1843.000000 370.000000 1836.000000 427.000000 1776.000000 450.000000 1721.000000 432.000000 
		}
	}
	members={
		1557 1558 1575 483 1570 1571 1576 1569 477 480 1564 1574 481 482 1567 472 1566 1572 1573 1568 1563 1565 474 473 1559 1234 1235 1236 476 1562 1237 1238 475 1240 1556 3216 1578 1577 
	}
}
node_wintergrasp={
	location=834
	color={
		124 179 182 
	}
	inland=yes
	outgoing={
		name="node_borean_tundra"
		path={
			862 2127 1282 2344 866 2116 162 2336 3272 2122 
		}
		control={
			2713.000000 1663.000000 2674.000000 1633.000000 2663.000000 1609.000000 2657.000000 1594.000000 2644.000000 1586.000000 2626.000000 1582.000000 2595.000000 1582.000000 2569.000000 1568.000000 2525.000000 1570.000000 2472.000000 1543.000000 
		}
	}
	outgoing={
		name="node_dragonblight"
		path={
			657 812 995 3249 781 529 3245 3247 3241 
		}
		control={
			2738.000000 1689.000000 2741.000000 1665.000000 2752.000000 1654.000000 2759.000000 1640.000000 2751.000000 1630.000000 2735.000000 1619.000000 2742.000000 1607.000000 2769.000000 1611.000000 2810.000000 1606.000000 2841.000000 1613.000000 2870.000000 1616.000000 
		}
	}
	outgoing={
		name="node_icecrown"
		path={
			3231 1268 
		}
		control={
			2692.000000 1700.000000 2638.000000 1758.000000 2664.000000 1790.000000 2713.000000 1786.000000 2739.000000 1760.000000 2777.000000 1742.000000 
		}
	}
	members={
		1282 708 834 862 2129 2126 2128 2127 3231 3223 3224 3225 3226 3227 
	}
}
node_sholazar_basin={
	location=762
	color={
		202 175 114 
	}
	inland=yes
	outgoing={
		name="node_borean_tundra"
		path={
			826 766 2349 2099 951 936 2346 968 2333 3271 2122 
		}
		control={
			2539.000000 1709.000000 2508.000000 1691.000000 2477.000000 1694.000000 2462.000000 1681.000000 2467.000000 1660.000000 2464.000000 1635.000000 2451.000000 1609.000000 2449.000000 1586.000000 2439.000000 1568.000000 2446.000000 1546.000000 2439.000000 1533.000000 
		}
	}
	outgoing={
		name="node_icecrown"
		path={
			939 2356 595 654 657 1268 
		}
		control={
			2546.000000 1752.000000 2537.000000 1782.000000 2546.000000 1808.000000 2589.000000 1820.000000 2627.000000 1850.000000 2676.000000 1859.000000 2728.000000 1808.000000 2744.000000 1772.000000 2782.000000 1748.000000 
		}
	}
	members={
		766 2351 2349 2099 2115 2350 916 526 2359 692 939 2356 595 2355 1265 971 762 2358 1264 2354 2100 1263 2353 2352 2357 826 2097 578 1262 2098 
	}
}
node_storm_peaks={
	location=1280
	color={
		241 238 34 
	}
	outgoing={
		name="node_icecrown"
		path={
			2388 2387 2382 1278 1275 3283 1273 3284 667 1268 
		}
		control={
			3059.000000 1818.000000 3025.000000 1815.000000 2961.000000 1793.000000 2913.000000 1799.000000 2889.000000 1839.000000 2866.000000 1868.000000 2823.000000 1885.000000 2767.000000 1877.000000 2738.000000 1837.000000 2760.000000 1789.000000 2790.000000 1757.000000 
		}
	}
	outgoing={
		name="node_crystalsong"
		path={
			2388 2387 2382 1278 1275 3283 1273 893 1271 
		}
		control={
			3059.000000 1818.000000 3032.000000 1809.000000 3020.000000 1789.000000 3005.000000 1768.000000 2982.000000 1747.000000 2947.000000 1746.000000 
		}
	}
	members={
		1278 645 1275 1280 2388 2387 1277 946 2386 2383 2382 522 2385 2389 576 2384 894 1279 2390 896 1291 1229 3343 728 2495 2497 2498 2499 2500 2496 2502 2501 2503 3230 1227 764 2391 2392 3263 3265 3266 1228 2393 2394 828 753 541 2395 2396 3264 3262 
	}
}
node_icecrown={
	location=1268
	color={
		37 92 136 
	}
	inland=yes
	outgoing={
		name="node_crystalsong"
		path={
			667 901 3279 1271 
		}
		control={
			2800.000000 1748.000000 2789.000000 1774.000000 2753.000000 1821.000000 2773.000000 1865.000000 2822.000000 1871.000000 2851.000000 1848.000000 2854.000000 1801.000000 2874.000000 1754.000000 
		}
	}
	members={
		1268 1267 2368 2370 2367 1270 2373 2372 2375 523 726 2374 2371 3256 947 2369 3228 3229 761 2363 2364 2365 1225 1266 2361 2360 2362 846 2381 1269 2366 827 829 2378 911 1226 2494 930 895 777 3258 3261 2376 3257 3259 3260 830 2379 2377 628 901 2380 998 4097 4095 4096 4098 4100 4099 
	}
}
node_borean_tundra={
	location=2122
	color={
		35 184 78 
	}
	outgoing={
		name="node_north_seas"
		path={
			1019 160 386 616 
		}
		control={
			2457.000000 1515.000000 2485.000000 1518.000000 2496.000000 1500.000000 2521.000000 1492.000000 2576.000000 1497.000000 2616.000000 1491.000000 2668.000000 1458.000000 2699.000000 1410.000000 2735.000000 1376.000000 
		}
	}
	outgoing={
		name="node_dragonblight"
		path={
			2348 2337 162 2116 164 2398 796 3249 781 529 3245 3247 3241 
		}
		control={
			2475.000000 1536.000000 2531.000000 1561.000000 2588.000000 1552.000000 2630.000000 1575.000000 2676.000000 1594.000000 2706.000000 1590.000000 2750.000000 1591.000000 2810.000000 1583.000000 2850.000000 1593.000000 
		}
	}
	outgoing={
		name="node_azshara"
		path={
			3273 28 
		}
		control={
			2421.000000 1514.000000 2398.000000 1520.000000 2373.000000 1513.000000 2347.000000 1487.000000 2259.000000 1457.000000 2178.000000 1385.000000 2061.000000 1353.000000 1948.000000 1347.000000 
		}
	}
	members={
		1260 530 1233 1259 1261 1258 2332 983 2120 510 2122 2121 3270 3271 3273 2336 1052 2335 3233 3272 2348 2337 2339 1002 1019 2123 2334 2331 2116 2341 919 2338 968 2333 2340 2346 2345 2347 951 936 2119 2125 3274 900 2342 2343 881 3268 3269 2344 866 850 2117 2118 3275 3276 3277 3278 3324 4093 
	}
}
node_howling_fjord={
	location=734
	color={
		29 211 180 
	}
	outgoing={
		name="node_grizzly_hills"
		path={
			2104 2106 835 1288 2450 833 
		}
		control={
			3339.000000 1455.000000 3359.000000 1470.000000 3342.000000 1489.000000 3319.000000 1497.000000 3307.000000 1513.000000 3293.000000 1530.000000 3299.000000 1559.000000 3295.000000 1585.000000 3275.000000 1598.000000 3265.000000 1614.000000 
		}
	}
	outgoing={
		name="node_stormheim"
		path={
			2467 882 2466 178 334 2684 2683 2680 2690 
		}
		control={
			3305.000000 1438.000000 3316.000000 1428.000000 3320.000000 1414.000000 3335.000000 1405.000000 3336.000000 1395.000000 3341.000000 1388.000000 3330.000000 1377.000000 3332.000000 1364.000000 3348.000000 1337.000000 3376.000000 1311.000000 3401.000000 1271.000000 3427.000000 1255.000000 3449.000000 1235.000000 3447.000000 1220.000000 3446.000000 1209.000000 3435.000000 1195.000000 3438.000000 1182.000000 3421.000000 1178.000000 3400.000000 1185.000000 3380.000000 1191.000000 
		}
	}
	outgoing={
		name="node_tirisfal"
		path={
			2103 2102 183 334 333 239 2001 711 1948 1927 543 
		}
		control={
			3305.000000 1438.000000 3320.000000 1414.000000 3335.000000 1405.000000 3336.000000 1395.000000 3341.000000 1388.000000 3330.000000 1377.000000 3332.000000 1364.000000 3348.000000 1337.000000 3384.000000 1316.000000 3492.000000 1320.000000 3637.000000 1282.000000 3704.000000 1298.000000 3745.000000 1355.000000 3791.000000 1377.000000 3835.000000 1374.000000 3866.000000 1349.000000 3908.000000 1350.000000 3923.000000 1324.000000 
		}
	}
	outgoing={
		name="node_kul_tiras"
		path={
			2103 2102 183 334 333 239 2001 711 1948 1927 543 
		}
		control={
			3282.000000 1462.000000 3247.000000 1455.000000 3201.000000 1461.000000 3181.000000 1427.000000 3212.000000 1378.000000 3239.000000 1357.000000 3263.000000 1333.000000 3308.000000 1322.000000 3363.000000 1322.000000 3414.500000 1284.150024 3506.000000 1250.000000 3555.000000 1173.000000 3570.000000 1106.000000 3552.000000 1062.000000 3560.000000 1019.000000 3601.000000 1016.000000 3620.000000 1004.000000 3618.000000 986.000000 
		}
	}
	outgoing={
		name="node_north_seas"
		path={
			2454 397 
		}
		control={
			3282.000000 1462.000000 3247.000000 1455.000000 3201.000000 1461.000000 3181.000000 1427.000000 3212.000000 1378.000000 3214.000000 1355.000000 3194.000000 1347.000000 3167.000000 1361.000000 3125.000000 1401.000000 3055.000000 1425.000000 2984.000000 1406.000000 2919.000000 1350.000000 2838.600098 1348.560059 
		}
	}
	members={
		680 651 2459 696 2460 3238 2463 600 635 584 2462 564 546 2105 2465 1290 2466 882 2467 734 2464 2104 2110 769 749 782 2102 2103 797 714 867 2468 3239 3240 2107 2461 2108 2106 835 1288 851 4104 
	}
}
node_grizzly_hills={
	location=833
	color={
		170 115 75 
	}
	outgoing={
		name="node_dragonblight"
		path={
			3294 352 3293 934 287 583 679 2491 2404 982 3247 3241 
		}
		control={
			3220.000000 1623.000000 3182.000000 1611.000000 3160.000000 1593.000000 3154.000000 1575.000000 3137.000000 1565.000000 3119.000000 1566.000000 3078.000000 1581.000000 3049.000000 1574.000000 3029.000000 1560.000000 2992.000000 1555.000000 2957.000000 1562.000000 2930.000000 1592.000000 
		}
	}
	outgoing={
		name="node_zuldrak"
		path={
			2452 2444 2442 3320 3319 1287 2439 2441 
		}
		control={
			3247.000000 1642.000000 3270.000000 1659.000000 3265.000000 1682.000000 3250.000000 1702.000000 3242.000000 1733.000000 3253.000000 1762.000000 
		}
	}
	outgoing={
		name="node_north_seas"
		path={
			3298 397 
		}
		control={
			3243.000000 1606.000000 3213.000000 1586.000000 3188.000000 1563.000000 3155.000000 1551.000000 3135.000000 1537.000000 3118.000000 1532.000000 3098.000000 1535.000000 3088.000000 1515.000000 3082.000000 1484.000000 2991.000000 1474.000000 2932.000000 1412.000000 2856.000000 1407.000000 2822.000000 1369.000000 
		}
	}
	members={
		950 2458 967 849 2483 2484 3292 3293 1289 2455 918 2481 2480 2479 934 2114 2457 2456 899 2109 865 2478 3296 2454 880 2453 833 2112 2113 2451 2482 3295 3297 3298 2452 2444 811 2485 3294 2443 732 795 2487 2486 3301 3306 3307 3308 2447 712 2445 2449 2488 3299 3300 3309 767 2446 2450 2111 3302 780 2448 747 2489 3305 695 3303 3304 
	}
}
node_dragonblight={
	location=3241
	color={
		182 124 131 
	}
	outgoing={
		name="node_crystalsong"
		path={
			3246 3242 733 713 1272 2409 3284 3286 1271 
		}
		control={
			2890.000000 1615.000000 2897.000000 1636.000000 2919.000000 1655.000000 2933.000000 1674.000000 2945.000000 1703.000000 2941.000000 1723.000000 2923.000000 1730.000000 
		}
	}
	outgoing={
		name="node_north_seas"
		path={
			3247 3243 2493 2402 2131 165 390 389 386 616 
		}
		control={
			2889.000000 1579.000000 2879.000000 1562.000000 2846.000000 1548.000000 2842.000000 1516.000000 2831.000000 1462.000000 2790.000000 1391.000000 
		}
	}
	outgoing={
		name="node_zuldrak"
		path={
			3246 3244 2411 2410 2134 1051 2414 350 700 2441 
		}
		control={
			2908.000000 1614.000000 2935.000000 1614.000000 2984.000000 1618.000000 3017.000000 1631.000000 3045.000000 1629.000000 3078.000000 1629.000000 3095.000000 1637.000000 3090.000000 1652.000000 3097.000000 1658.000000 3107.000000 1651.000000 3112.000000 1657.000000 3101.000000 1671.000000 3096.000000 1687.000000 3101.000000 1707.000000 3120.000000 1721.000000 3155.000000 1722.000000 3196.000000 1723.000000 3229.000000 1745.000000 3246.000000 1767.000000 
		}
	}
	members={
		796 2399 995 2398 781 3248 3249 812 2130 1283 2397 1281 2492 3232 2400 2401 2131 748 2403 982 2402 3241 3242 3243 3244 3245 3246 3247 509 2493 3250 529 545 3251 3252 3253 935 3235 3236 3237 679 2404 2491 1018 733 2411 2410 713 2405 2408 3255 2407 2406 2133 2132 3220 3221 3222 2134 2413 1051 2418 634 2419 3234 3254 599 2416 2414 2490 583 2415 2412 4101 4102 4103 
	}
}
node_north_seas={
	location=397
	color={
		166 87 17 
	}
	outgoing={
		name="node_south_seas"
		path={
			400 1099 
		}
		control={
			2729.000000 1321.000000 2651.000000 1253.000000 2651.000000 1149.000000 2608.530029 1079.270020 2523.000000 1028.000000 2445.000000 1013.000000 2364.000000 1007.000000 2322.000000 971.000000 
		}
	}
	outgoing={
		name="node_mare_magnum"
		path={
			400 381 
		}
		control={
			2729.000000 1321.000000 2651.000000 1253.000000 2651.000000 1149.000000 2610.000000 1076.000000 2571.000000 1039.000000 2513.000000 1005.000000 2470.000000 953.000000 2456.000000 871.000000 2386.000000 816.000000 2290.000000 773.000000 2210.000000 714.000000 
		}
	}
	outgoing={
		name="node_kul_tiras"
		path={
			400 570 
		}
		control={
			2840.000000 1329.000000 3021.000000 1318.000000 3157.000000 1267.000000 3308.000000 1305.000000 3363.000000 1322.000000 3414.000000 1284.000000 3506.000000 1250.000000 3524.000000 1191.000000 3501.000000 1132.000000 3493.000000 1084.000000 3521.000000 1032.000000 3508.000000 988.000000 3526.000000 963.000000 3565.000000 944.000000 3594.000000 940.000000 3615.000000 951.000000 
		}
	}
	outgoing={
		name="node_nazjatar"
		path={
			400 570 
		}
		control={
			2729.000000 1321.000000 2684.000000 1293.000000 2640.000000 1298.000000 2587.000000 1300.000000 2529.000000 1272.000000 
		}
	}
	outgoing={
		name="node_stormheim"
		path={
			401 2642 
		}
		control={
			2840.000000 1329.000000 3021.000000 1318.000000 3157.000000 1267.000000 3308.000000 1305.000000 3363.000000 1322.000000 3401.000000 1271.000000 3427.000000 1255.000000 3449.000000 1235.000000 3447.000000 1220.000000 3446.000000 1209.000000 3435.000000 1195.000000 3438.000000 1182.000000 3421.000000 1178.000000 3400.000000 1185.000000 3380.000000 1191.000000 
		}
	}
	outgoing={
		name="node_eastern_seas"
		path={
			401 428 
		}
		control={
			2840.000000 1329.000000 3025.000000 1302.000000 3075.000000 1124.000000 3178.000000 979.000000 3311.000000 884.000000 3441.000000 860.000000 3487.000000 797.000000 3562.000000 773.000000 
		}
	}
	members={
		397 
	}
}
node_stormheim={
	location=2642
	color={
		124 164 45 
	}
	inland=yes
	outgoing={
		name="node_suramar"
		path={
			2680 2681 2643 2671 2669 
		}
		control={
			3355.000000 1171.000000 3345.000000 1151.000000 3361.000000 1138.000000 
		}
	}
	members={
		2678 2679 3184 2689 2690 2684 2685 2686 2688 3185 2687 3186 2680 2681 2682 2683 2634 2637 3192 2636 3188 2635 2638 3187 2639 3189 3190 2640 2641 2642 3191 2643 
	}
}
node_suramar={
	location=2669
	color={
		103 41 168 
	}
	outgoing={
		name="node_eastern_seas"
		path={
			426 428 
		}
		control={
			3356.000000 1124.000000 3334.000000 1128.000000 3316.000000 1141.000000 3300.000000 1157.000000 3280.000000 1157.000000 3250.000000 1168.000000 3228.000000 1156.000000 3219.000000 1117.000000 3197.000000 1081.000000 3211.000000 1047.000000 3261.000000 1043.000000 3296.000000 1018.000000 3349.000000 1007.000000 3399.000000 976.000000 3405.000000 919.000000 3453.000000 864.000000 3487.000000 797.000000 3562.000000 773.000000 
		}
	}
	members={
		3182 3183 2669 2667 2668 2674 2675 2676 2670 2671 2672 2673 2666 2656 2657 2691 3179 2658 2659 2662 3178 2663 2664 2665 2660 2661 2651 3180 2653 2654 2655 2644 2645 2646 2649 2647 2648 2650 3181 2652 2677 
	}
}
node_dread_wastes={
	location=1839
	color={
		74 27 192 
	}
	outgoing={
		name="node_vale_of_eternal_blossoms"
		path={
			1852 1807 
		}
		control={
			2727.000000 320.000000 2787.000000 308.000000 2829.000000 336.000000 2894.000000 347.000000 
		}
	}
	outgoing={
		name="node_valley_of_the_four_winds"
		path={
			1852 1796 
		}
		control={
			2702.000000 273.000000 2759.000000 249.000000 2816.000000 227.000000 2886.000000 216.000000 2924.000000 226.000000 
		}
	}
	outgoing={
		name="node_krasarang_wilds"
		path={
			1852 1909 
		}
		control={
			2702.000000 273.000000 2759.000000 249.000000 2828.000000 218.000000 2860.000000 189.000000 2864.000000 155.000000 
		}
	}
	outgoing={
		name="node_townlong_steppes"
		path={
			1842 1867 
		}
		control={
			2670.000000 323.000000 2686.000000 373.000000 2666.000000 403.000000 
		}
	}
	members={
		1838 1855 1837 1834 1835 1845 1836 1846 1849 1848 1853 1839 1854 1852 1847 1856 1829 1850 1851 1435 1437 1840 1833 1832 1858 1842 1841 1857 1843 
	}
}
node_valley_of_the_four_winds={
	location=1796
	color={
		242 234 156 
	}
	inland=yes
	outgoing={
		name="node_jade_forest"
		path={
			1805 1799 1466 1721 1740 1722 
		}
		control={
			2969.000000 264.000000 3017.000000 285.000000 3074.000000 296.000000 3122.000000 294.000000 3162.000000 301.000000 
		}
	}
	outgoing={
		name="node_krasarang_wilds"
		path={
			17 1909 
		}
		control={
			2983.000000 245.000000 3048.000000 264.000000 3059.000000 250.000000 3032.000000 215.000000 2951.000000 180.000000 2886.000000 155.000000 
		}
	}
	members={
		1799 1805 1797 1798 1794 1804 1793 1796 1803 1795 1792 1791 1790 1786 1785 1466 
	}
}
node_jade_forest={
	location=1722
	color={
		122 164 65 
	}
	outgoing={
		name="node_kunlai"
		path={
			1723 1901 
		}
		control={
			3126.000000 346.000000 3080.000000 402.000000 3029.000000 413.000000 2997.000000 399.000000 2963.000000 399.000000 2936.000000 426.000000 2946.550049 472.700012 2955.000000 518.000000 
		}
	}
	outgoing={
		name="node_krasarang_wilds"
		path={
			1739 1779 
		}
		control={
			3153.000000 272.000000 3147.000000 224.000000 3127.000000 190.000000 3078.000000 185.000000 3025.000000 201.000000 2951.000000 168.000000 2930.000000 135.000000 
		}
	}
	members={
		1800 1801 1802 1806 1735 1734 1736 1727 1737 1720 2068 2067 2070 2071 1721 1718 1738 1719 2069 1739 1740 1722 1723 2072 2079 2073 1724 1733 2077 1726 1725 2076 2074 1729 2075 1732 1728 1730 2080 2078 1731 4124 4126 4129 4127 4128 4125 4427 4428 4429 4430 4431 4432 4433 4434 4435 4436 4437 4438 4439 4440 4441 4442 4443
	}
}
node_krasarang_wilds={
	location=1779
	color={
		187 202 114 
	}
	outgoing={
		name="node_eastern_seas"
		path={
			2084 28 
		}
		control={
			2962.000000 150.000000 3007.000000 181.000000 3042.000000 188.000000 3070.000000 153.000000 3110.000000 132.000000 3168.000000 143.000000 3242.000000 143.000000 3306.000000 163.000000 3374.000000 225.000000 3461.000000 257.000000 3576.000000 305.000000 3628.000000 405.000000 3747.000000 478.000000 3792.000000 596.000000 3771.000000 693.000000 3706.000000 726.000000 
		}
	}
	outgoing={
		name="node_mare_magnum"
		path={
			2087 381 
		}
		control={
			2872.000000 128.000000 2834.000000 111.000000 2798.000000 110.000000 2727.629883 123.629997 2649.000000 95.000000 2586.000000 112.000000 2556.000000 199.000000 2557.000000 306.000000 2506.000000 413.000000 2434.000000 581.000000 2324.000000 675.000000 2230.000000 708.000000 
		}
	}
	members={
		1788 1773 1774 1775 1776 1777 1784 1778 1780 1781 1779 1787 1782 1783 1789 348 405 840 1206 1417 1909 
	}
}
node_townlong_steppes={
	location=1867
	color={
		203 32 48 
	}
	outgoing={
		name="node_kunlai"
		path={
			1870 1863 1862 1828 1893 1894 1906 1900 1917 1901 
		}
		control={
			2674.000000 431.000000 2730.000000 437.000000 2780.000000 492.000000 2849.000000 485.000000 2907.000000 498.000000 
		}
	}
	outgoing={
		name="node_vale_of_eternal_blossoms"
		path={
			1852 1807 
		}
		control={
			2672.000000 411.000000 2723.000000 368.000000 2797.000000 364.000000 2827.000000 344.000000 2892.000000 358.000000 
		}
	}
	members={
		1864 1859 1872 1873 1860 1874 1863 1878 1876 1866 1865 1870 1828 1862 1877 1861 1867 1880 1881 1871 1868 1879 1869 1884 1885 1886 1887 1883 1882 1888 1891 1889 1890 4444 4445 4446 4447 4448 
	}
}
node_kunlai={
	location=1901
	color={
		63 194 202 
	}
	outgoing={
		name="node_vale_of_eternal_blossoms"
		path={
			1914 1918 1908 1897 823 1807 
		}
		control={
			2879.000000 397.000000 
		}
	}
	outgoing={
		name="node_zandalar"
		path={
			439 2469 
		}
		control={
			2975.000000 591.000000 2981.000000 656.000000 2958.000000 722.000000 2999.000000 767.000000 3113.000000 780.000000 3146.000000 835.000000 3171.000000 839.000000 3189.000000 818.000000 3205.000000 772.000000 3242.000000 769.000000 3268.000000 757.000000 3267.000000 720.000000 3296.000000 704.000000 3308.000000 672.000000 
		}
	}
	members={
		1903 1892 3210 3211 3212 1905 1904 1915 1902 3213 1901 1914 1917 3214 1894 1893 1900 1906 1907 1896 1895 1919 1910 1898 1911 1897 1908 1912 1913 1899 1918 1920 4119 4120 4121 4122 4123 4155 
	}
}
node_eastern_seas={
	location=428
	color={
		77 109 213 
	}
	outgoing={
		name="node_kul_tiras"
		path={
			427 570 
		}
		control={
			3604.000000 786.000000 3606.000000 833.000000 3597.000000 878.000000 3577.000000 903.000000 3584.000000 923.000000 3610.000000 933.000000 3622.000000 949.000000 
		}
	}
	outgoing={
		name="node_vash_jir"
		path={
			429 3174 
		}
		control={
			3640.000000 736.000000 3716.000000 707.000000 3745.000000 637.000000 
		}
	}
	outgoing={
		name="node_zandalar"
		path={
			432 2469 
		}
		control={
			3619.000000 700.000000 3558.340088 651.299988 3464.000000 615.000000 3373.000000 607.000000 3309.000000 620.000000 
		}
	}
	outgoing={
		name="node_elwynn"
		path={
			420 2202 
		}
		control={
			3667.000000 737.000000 3735.000000 745.000000 3801.000000 697.000000 3819.000000 606.000000 
		}
	}
	outgoing={
		name="node_stranglethorn"
		path={
			420 996 
		}
		control={
			3667.000000 737.000000 3735.000000 745.000000 3801.000000 697.000000 3809.000000 616.000000 3833.000000 555.000000 3841.000000 526.000000 3845.000000 475.000000 3807.000000 430.000000 3785.000000 373.000000 3796.000000 316.000000 3856.000000 260.000000 3913.000000 215.000000 3899.000000 158.000000 3905.840088 121.910004 3920.000000 94.000000 
		}
	}
	members={
		428 
	}
}
node_blasted_lands={
	location=630
	color={
		137 135 103 
	}
	outgoing={
		name="node_swamp_of_sorrows"
		path={
			884 707 
		}
		control={
			4204.000000 341.000000 4192.000000 356.000000 
		}
	}
	outgoing={
		name="node_stranglethorn"
		path={
			1050 1033 807 1504 836 2171 1500 297 296 295 293 693 996 
		}
		control={
			4242.000000 313.000000 4245.000000 279.000000 4240.000000 240.000000 4218.000000 222.000000 4188.000000 218.000000 4168.000000 206.000000 4172.000000 191.000000 4137.000000 175.000000 4046.000000 140.000000 3990.000000 114.000000 3965.000000 64.000000 3939.000000 50.000000 3911.000000 62.000000 3907.000000 80.000000 3919.000000 91.000000 
		}
	}
	members={
		1034 630 1050 1035 1045 807 1033 853 836 2171 1504 814 869 1037 2173 1043 553 1042 2174 
	}
}
node_kul_tiras={
	location=570
	color={
		23 110 105 
	}
	outgoing={
		name="node_tol_barad"
		path={
			418 989 
		}
		control={
			3647.000000 961.000000 3675.000000 964.000000 3701.000000 961.000000 3723.000000 965.000000 
		}
	}
	members={
		570 3011 3012 3015 3013 257 258 259 260 262 261 3009 2015 179 3014 182 181 824 2014 639 264 277 263 280 281 279 278 171 170 180 169 11 168 3010 1 247 246 249 4108 4109 
	}
}
node_tol_barad={
	location=989
	color={
		107 174 125 
	}
	outgoing={
		name="node_gilneas"
		path={
			2011 245 842 3020 804 927 
		}
		control={
			3765.000000 974.000000 3768.000000 1005.000000 3731.000000 1046.000000 3726.000000 1094.000000 3758.000000 1120.000000 3786.000000 1109.000000 3800.000000 1084.000000 3817.000000 1064.000000 3833.000000 1055.000000 
		}
	}
	outgoing={
		name="node_hillsbrad"
		path={
			245 991 
		}
		control={
			3765.000000 974.000000 3841.000000 963.000000 3912.000000 970.000000 3950.000000 1017.000000 3997.000000 1044.000000 4008.000000 1081.000000 
		}
	}
	outgoing={
		name="node_wetlands"
		path={
			245 1055 
		}
		control={
			3765.000000 974.000000 3826.000000 963.000000 3877.000000 954.000000 3919.000000 935.000000 3968.000000 946.000000 4003.000000 929.000000 4020.000000 904.000000 
		}
	}
	members={
		2004 957 2003 2006 2009 2005 2007 2008 974 2010 2011 989 2013 2012 691 
	}
}
node_hinterlands={
	location=889
	color={
		90 53 187 
	}
	outgoing={
		name="node_stratholme"
		path={
			1170 2969 1844 2970 875 778 3075 608 642 
		}
		control={
			4171.000000 1184.000000 4210.000000 1185.000000 4246.000000 1193.000000 4278.000000 1165.000000 4302.000000 1156.000000 4319.000000 1170.000000 4314.000000 1204.000000 4320.000000 1228.000000 4348.000000 1247.000000 4353.000000 1271.000000 4341.000000 1297.000000 4316.000000 1308.000000 4325.000000 1342.000000 4315.000000 1361.000000 4264.000000 1387.000000 4247.000000 1397.000000 4241.000000 1406.000000 4244.000000 1425.000000 
		}
	}
	outgoing={
		name="node_arathi"
		path={
			1930 527 966 3003 
		}
		control={
			4171.000000 1184.000000 4207.000000 1172.000000 4227.000000 1153.000000 4215.000000 1120.000000 4216.000000 1089.000000 4200.000000 1059.000000 4169.000000 1056.000000 4153.000000 1067.000000 4129.000000 1068.000000 4100.000000 1071.000000 
		}
	}
	outgoing={
		name="node_hillsbrad"
		path={
			1930 991 
		}
		control={
			4116.000000 1170.000000 4100.000000 1155.000000 4077.000000 1142.000000 4059.000000 1124.000000 4042.000000 1124.000000 4019.000000 1123.000000 
		}
	}
	outgoing={
		name="node_andorhal"
		path={
			926 688 
		}
		control={
			4171.000000 1184.000000 4199.000000 1191.000000 4194.000000 1211.000000 4177.000000 1237.000000 4163.000000 1240.000000 4131.000000 1236.000000 4118.000000 1244.000000 4101.000000 1263.000000 4077.000000 1260.000000 
		}
	}
	outgoing={
		name="node_northron"
		path={
			926 755 
		}
		control={
			4171.000000 1184.000000 4210.000000 1185.000000 4246.000000 1193.000000 4278.000000 1165.000000 4308.000000 1144.000000 4331.000000 1122.000000 4327.000000 1069.000000 4406.000000 1027.000000 4481.000000 958.000000 4494.000000 899.000000 4471.000000 854.000000 4443.000000 868.000000 4418.000000 900.000000 4376.000000 916.000000 4347.000000 921.000000 
		}
	}
	members={
		889 644 1930 926 942 2997 2998 958 975 1009 1125 1938 537 2999 517 1772 1771 1875 1026 1916 763 990 1831 1827 1830 1825 
	}
}
node_stratholme={
	location=642
	color={
		168 242 245 
	}
	outgoing={
		name="node_andorhal"
		path={
			608 625 2124 2096 2026 514 821 688 
		}
		control={
			4220.000000 1411.000000 4264.000000 1387.000000 4315.000000 1361.000000 4325.000000 1342.000000 4312.000000 1313.000000 4291.899902 1305.800049 4247.000000 1309.000000 4197.000000 1326.000000 4143.000000 1334.000000 4111.000000 1318.000000 4097.000000 1290.000000 4097.000000 1290.000000 
		}
	}
	outgoing={
		name="node_zulaman"
		path={
			608 723 2179 1199 2477 2214 
		}
		control={
			4220.000000 1411.000000 4247.000000 1397.000000 4264.000000 1387.000000 4294.000000 1385.000000 4316.000000 1394.000000 4327.000000 1414.000000 4335.000000 1439.000000 4360.000000 1453.000000 4386.000000 1475.000000 4418.000000 1478.000000 4444.000000 1485.000000 
		}
	}
	outgoing={
		name="node_tranquillien"
		path={
			608 2517 
		}
		control={
			4220.000000 1411.000000 4251.000000 1395.000000 4270.000000 1400.000000 4283.000000 1420.000000 4303.000000 1437.000000 4306.000000 1462.000000 4294.000000 1495.000000 4287.000000 1530.000000 
		}
	}
	outgoing={
		name="node_arathi"
		path={
			608 3003 
		}
		control={
			4220.000000 1411.000000 4264.000000 1387.000000 4315.000000 1361.000000 4325.000000 1342.000000 4316.000000 1308.000000 4341.000000 1297.000000 4375.000000 1289.000000 4406.000000 1291.000000 4421.000000 1271.000000 4408.000000 1251.000000 4342.000000 1209.000000 4337.000000 1157.000000 4310.000000 1105.000000 4305.000000 1049.000000 4284.000000 1039.000000 4261.000000 1028.000000 4245.000000 1002.000000 4198.000000 1004.000000 4167.000000 999.000000 4156.000000 1021.000000 4155.000000 1051.000000 4133.000000 1065.000000 4100.000000 1071.000000 
		}
	}
	members={
		642 2975 608 3075 625 592 723 1921 507 2973 2976 1922 932 2179 729 3073 992 1011 1028 519 539 915 574 928 3072 557 2974 1054 875 2971 3074 778 891 2972 859 2026 2096 2124 843 2170 2175 2172 2168 2027 
	}
}
node_tranquillien={
	location=2517
	color={
		212 187 22 
	}
	outgoing={
		name="node_eversong"
		path={
			2977 660 
		}
		control={
			4291.000000 1586.000000 4302.000000 1614.000000 4319.000000 1636.000000 4327.000000 1668.000000 4312.000000 1689.000000 4314.000000 1712.000000 4340.000000 1720.000000 
		}
	}
	outgoing={
		name="node_zulaman"
		path={
			1041 2214 
		}
		control={
			4289.000000 1536.000000 4316.000000 1519.000000 4357.000000 1527.000000 4403.000000 1524.000000 
		}
	}
	members={
		2981 1029 2982 629 1038 2515 2187 1039 2514 2979 2978 1012 2517 1041 2980 2977 1013 945 876 844 860 776 808 791 806 2983 822 2984 993 
	}
}
node_zulaman={
	location=2214
	color={
		34 165 47 
	}
	outgoing={
		name="node_eversong"
		path={
			535 549 659 1064 2519 2520 660 
		}
		control={
			4454.000000 1503.000000 4462.000000 1524.000000 4460.000000 1552.000000 4449.000000 1578.000000 4422.000000 1605.000000 4386.000000 1623.000000 4394.000000 1655.000000 4384.000000 1685.000000 4363.000000 1705.000000 4360.000000 1738.000000 
		}
	}
	outgoing={
		name="node_northron"
		path={
			2510 755 
		}
		control={
			4499.000000 1471.000000 4514.000000 1443.000000 4483.000000 1408.000000 4453.000000 1352.000000 4452.000000 1262.000000 4383.000000 1213.000000 4357.000000 1141.000000 4327.000000 1070.000000 4406.000000 1027.000000 4481.000000 958.000000 4494.000000 899.000000 4471.000000 854.000000 4443.470215 868.440002 4418.000000 900.000000 4376.000000 916.000000 4347.000000 921.000000 
		}
	}
	members={
		2209 2211 2511 2512 2213 2212 2210 743 2475 2476 2477 2190 2474 2473 2208 2215 2510 2214 
	}
}
node_northron={
	location=787
	color={
		230 142 193 
	}
	outgoing={
		name="node_wetlands"
		path={
			1762 1025 536 554 1766 589 605 622 254 1055 
		}
		control={
			4307.000000 882.000000 4269.000000 866.000000 4253.000000 881.000000 4254.000000 908.000000 4228.000000 926.000000 4192.000000 932.000000 4166.000000 926.000000 4159.000000 905.000000 4150.000000 895.000000 4124.000000 899.000000 4101.000000 890.000000 4076.000000 890.000000 4057.000000 894.000000 4042.000000 893.000000 
		}
	}
	outgoing={
		name="node_badlands"
		path={
			610 1970 
		}
		control={
			4347.000000 878.000000 4378.000000 872.000000 4406.000000 856.000000 4417.000000 830.000000 4453.000000 820.000000 4467.000000 803.000000 4440.000000 764.000000 4387.000000 741.000000 4353.000000 712.000000 4324.000000 691.000000 4283.000000 681.000000 
		}
	}
	members={
		1061 1025 1762 878 803 841 787 1016 1760 1761 888 873 925 856 1755 802 1753 1754 739 755 1756 1757 2164 610 701 613 632 597 614 581 542 1758 1759 710 561 730 631 744 
	}
}
node_andorhal={
	location=688
	color={
		149 218 167 
	}
	inland=yes
	outgoing={
		name="node_tirisfal"
		path={
			1177 3060 2957 1928 543 
		}
		control={
			4064.000000 1285.000000 4052.000000 1298.000000 4028.000000 1308.000000 4005.000000 1311.000000 3980.000000 1316.000000 3953.000000 1310.000000 
		}
	}
	outgoing={
		name="node_alterac"
		path={
			1177 3063 2966 556 2965 3070 863 
		}
		control={
			4056.000000 1258.000000 4055.000000 1236.000000 4042.000000 1227.000000 4023.000000 1229.000000 3998.000000 1214.000000 4003.280029 1186.770020 4010.000000 1166.000000 4007.100098 1140.680054 3987.000000 1127.000000 3957.000000 1130.000000 3943.000000 1146.000000 3945.000000 1167.000000 
		}
	}
	outgoing={
		name="node_hillsbrad"
		path={
			591 3061 2966 556 518 1010 1027 991 
		}
		control={
			4056.000000 1258.000000 4057.000000 1224.000000 4060.000000 1197.000000 4043.000000 1176.000000 4019.000000 1165.000000 4011.000000 1154.000000 4007.000000 1136.000000 
		}
	}
	members={
		790 2970 2969 2968 1844 607 591 2967 2020 688 703 1923 742 821 805 3069 722 775 2021 2022 2023 
	}
}
node_hillsbrad={
	location=991
	color={
		121 213 52 
	}
	outgoing={
		name="node_alterac"
		path={
			959 2964 863 
		}
		control={
			3987.000000 1127.000000 3957.000000 1130.000000 3943.000000 1146.000000 3945.000000 1167.000000 
		}
	}
	outgoing={
		name="node_gilneas"
		path={
			251 908 927 
		}
		control={
			3987.000000 1127.000000 3957.000000 1130.000000 3924.000000 1140.000000 3898.000000 1137.000000 3875.000000 1137.000000 3863.000000 1117.000000 3856.000000 1089.000000 3843.000000 1072.000000 
		}
	}
	outgoing={
		name="node_silverpine"
		path={
			251 908 927 
		}
		control={
			3987.000000 1127.000000 3957.000000 1130.000000 3924.000000 1140.000000 3898.000000 1137.000000 3874.000000 1141.000000 3868.000000 1157.000000 3869.000000 1169.000000 
		}
	}
	outgoing={
		name="node_arathi"
		path={
			503 721 966 3003 
		}
		control={
			4019.000000 1123.000000 4050.000000 1123.000000 4076.000000 1114.000000 4087.000000 1104.000000 4091.000000 1086.000000 4088.000000 1073.000000 
		}
	}
	outgoing={
		name="node_wetlands"
		path={
			503 721 966 3003 
		}
		control={
			4015.000000 1082.000000 4046.000000 1040.000000 4053.000000 996.000000 4036.000000 968.000000 4017.000000 934.000000 4020.000000 907.000000 
		}
	}
	members={
		991 959 976 2996 538 1027 624 741 721 845 2995 1931 
	}
}
node_silverpine={
	location=720
	color={
		191 198 242 
	}
	outgoing={
		name="node_tirisfal"
		path={
			702 746 677 648 543 
		}
		control={
			3867.000000 1175.000000 3863.000000 1217.000000 3856.000000 1248.000000 3869.000000 1266.000000 3890.000000 1276.000000 3907.000000 1287.000000 
		}
	}
	outgoing={
		name="node_alterac"
		path={
			702 863 
		}
		control={
			3885.000000 1173.000000 3896.000000 1180.000000 3900.000000 1193.000000 3916.000000 1198.000000 3931.000000 1196.000000 
		}
	}
	outgoing={
		name="node_gilneas"
		path={
			720 927 
		}
		control={
			3868.000000 1169.000000 3866.000000 1155.000000 3846.000000 1152.000000 3855.000000 1127.000000 3853.000000 1107.000000 3846.000000 1088.000000 3834.000000 1066.000000 
		}
	}
	members={
		663 1947 677 1948 1946 2959 702 746 671 2963 720 2961 2960 672 686 2962 685 1924 
	}
}
node_gilneas={
	location=927
	color={
		209 213 52 
	}
	outgoing={
		name="node_tirisfal"
		path={
			244 543 
		}
		control={
			3819.000000 1071.000000 3803.000000 1101.000000 3817.000000 1129.000000 3828.030029 1148.449951 3810.000000 1191.000000 3814.000000 1225.000000 3800.000000 1248.000000 3776.000000 1262.000000 3753.000000 1282.000000 3763.000000 1295.000000 3799.000000 1285.000000 3833.000000 1295.000000 3860.000000 1323.000000 3891.000000 1329.000000 3916.000000 1317.000000 
		}
	}
	members={
		914 525 505 848 3017 927 890 3021 908 820 842 3020 804 3018 3016 3019 774 809 789 757 962 858 4107 4106 4105 
	}
}
node_alterac={
	location=863
	color={
		10 10 0 
	}
	inland=yes
	outgoing={
		name="node_tirisfal"
		path={
			3070 756 1178 543 
		}
		control={
			3941.000000 1200.000000 3965.000000 1210.000000 3981.000000 1222.000000 4002.000000 1220.000000 4015.000000 1230.000000 4024.000000 1244.000000 4009.000000 1264.000000 3997.000000 1278.000000 3981.000000 1291.000000 3960.000000 1298.000000 3942.000000 1296.000000 
		}
	}
	members={
		863 2964 3066 518 1010 3067 773 2965 3070 756 556 2966 943 3060 3064 3065 3061 3063 3062 
	}
}
node_tirisfal={
	location=543
	color={
		26 134 25 
	}
	outgoing={
		name="node_eversong"
		path={
			1928 740 1044 2025 2024 233 232 231 629 1038 2981 559 2985 626 660 
		}
		control={
			3930.000000 1315.000000 3946.000000 1328.000000 3983.000000 1331.000000 3987.000000 1375.000000 3993.000000 1403.000000 4026.000000 1434.000000 4093.000000 1450.000000 4147.000000 1477.000000 4183.000000 1524.000000 4190.000000 1564.000000 4172.000000 1624.000000 4169.000000 1669.000000 4195.000000 1693.000000 4232.000000 1685.000000 4267.000000 1696.000000 4278.000000 1726.000000 4297.000000 1742.000000 4326.000000 1746.000000 
		}
	}
	members={
		543 648 1927 1928 528 1926 731 2958 2957 740 979 964 1044 2025 2024 931 2956 1015 3068 2955 560 1925 646 662 1950 2954 2192 3059 3058 727 711 1998 2001 2002 2016 2017 2018 
	}
}
node_arathi={
	location=3003
	color={
		234 31 36 
	}
	outgoing={
		name="node_wetlands"
		path={
			981 252 580 502 1767 254 1055 
		}
		control={
			4111.000000 1064.000000 4129.000000 1056.000000 4151.000000 1044.000000 4152.000000 1016.000000 4155.000000 995.000000 4157.000000 976.000000 4161.000000 947.000000 4162.000000 922.000000 4153.000000 896.000000 4124.000000 899.000000 4101.000000 890.000000 4076.000000 890.000000 4057.000000 894.000000 4042.000000 893.000000 
		}
	}
	members={
		527 1929 1934 966 3004 3047 1000 3007 3002 3001 3003 3000 981 506 687 1933 641 1937 1932 606 1935 1936 623 897 673 3006 3005 1770 1769 1768 
	}
}
node_wetlands={
	location=1055
	color={
		53 95 187 
	}
	outgoing={
		name="node_loch_modan"
		path={
			254 622 605 589 1766 1751 1048 3031 655 
		}
		control={
			4056.000000 889.000000 4076.000000 885.000000 4102.000000 885.000000 4126.000000 891.000000 4153.000000 889.000000 4169.000000 873.000000 4174.000000 843.000000 4167.000000 806.000000 4185.000000 782.000000 
		}
	}
	outgoing={
		name="node_dun_morogh"
		path={
			254 3025 1153 941 
		}
		control={
			4056.000000 889.000000 4076.000000 885.000000 4102.000000 884.000000 4133.000000 884.000000 4143.000000 865.000000 4126.000000 839.000000 4110.000000 810.000000 4106.000000 785.000000 4096.000000 763.000000 4075.000000 741.000000 4040.000000 740.000000 4026.000000 774.000000 
		}
	}
	members={
		1055 622 1767 3022 580 3023 3026 1764 3024 1032 656 571 874 3027 1763 1939 788 1765 999 1940 3028 516 554 536 1751 589 1766 605 
	}
}
node_loch_modan={
	location=655
	color={
		200 184 163 
	}
	inland=yes
	outgoing={
		name="node_dun_morogh"
		path={
			3031 1944 1149 1943 1151 941 
		}
		control={
			4188.000000 744.000000 4172.000000 736.000000 4158.000000 715.000000 4135.000000 702.000000 4121.000000 712.000000 4098.000000 720.000000 4070.000000 728.000000 4040.000000 737.000000 4026.000000 774.000000 
		}
	}
	outgoing={
		name="node_badlands"
		path={
			1046 3033 1143 1970 
		}
		control={
			4203.000000 738.000000 4226.000000 727.000000 4261.000000 734.000000 4276.000000 713.000000 4275.000000 683.000000 
		}
	}
	outgoing={
		name="node_searing_gorge"
		path={
			3030 552 1953 1954 1958 1965 1959 
		}
		control={
			4188.000000 744.000000 4172.000000 736.000000 4158.000000 715.000000 4137.000000 692.000000 4123.000000 679.000000 4113.000000 666.000000 4102.000000 652.000000 4089.000000 657.000000 4087.000000 670.000000 
		}
	}
	members={
		3032 1941 1047 792 3029 1942 3034 1752 655 1048 3031 1046 3030 3033 1137 552 1953 1945 1944
	}
}
node_badlands={
	location=1970
	color={
		231 233 53 
	}
	outgoing={
		name="node_searing_gorge"
		path={
			1971 1978 1974 1967 1954 1958 1965 1959 
		}
		control={
			4233.000000 684.000000 4207.000000 685.000000 4186.000000 664.000000 4163.000000 654.000000 4137.000000 660.000000 4120.000000 653.000000 4107.000000 649.000000 4089.000000 657.000000 4087.000000 670.000000 
		}
	}
	outgoing={
		name="node_burning_steppes"
		path={
			1972 1973 1978 1974 1967 1955 1956 1741 3054 
		}
		control={
			4228.000000 657.000000 4215.000000 649.000000 4188.000000 655.000000 4165.000000 641.000000 4161.000000 613.000000 4143.000000 603.000000 4118.000000 605.000000 
		}
	}
	outgoing={
		name="node_swamp_of_sorrows"
		path={
			1976 1506 
		}
		control={
			4283.000000 681.000000 4323.000000 673.000000 4354.000000 650.000000 4337.000000 596.000000 4278.000000 559.000000 4286.000000 505.000000 4281.000000 459.000000 4252.000000 430.000000 4253.000000 405.000000 4238.000000 389.000000 4240.000000 370.000000 4219.000000 366.000000 4203.000000 376.000000 
		}
	}
	members={
		1977 1975 1976 1745 1968 1970 1971 1969 1967 1979 1974 1973 1972 1978 
	}
}
node_swamp_of_sorrows={
	location=707
	color={
		80 142 57 
	}
	outgoing={
		name="node_redridge"
		path={
			2181 864 725 2191 683 2194 737 
		}
		control={
			4165.000000 382.000000 4164.000000 401.000000 4195.000000 414.000000 4220.000000 421.000000 4219.000000 437.000000 4226.000000 455.000000 4214.000000 470.000000 4188.000000 467.000000 4161.000000 477.000000 
		}
	}
	outgoing={
		name="node_deadwind_pass"
		path={
			2181 864 2176 938 2182 2161 953 
		}
		control={
			4169.000000 371.000000 4152.000000 375.000000 4133.000000 386.000000 4116.000000 390.000000 4118.000000 355.000000 
		}
	}
	outgoing={
		name="node_stranglethorn"
		path={
			1506 996 
		}
		control={
			4165.000000 382.000000 4164.000000 401.000000 4195.000000 414.000000 4220.000000 421.000000 4252.000000 430.000000 4279.000000 433.000000 4307.000000 399.000000 4312.000000 359.000000 4298.000000 290.000000 4274.000000 222.000000 4229.000000 204.000000 4182.000000 192.000000 4137.000000 175.000000 4046.000000 140.000000 3990.000000 114.000000 3965.000000 64.000000 3939.000000 50.000000 3911.000000 62.000000 3907.000000 80.000000 3919.000000 91.000000 
		}
	}
	members={
		707 2180 884 2181 864 725 2191 2155 2156 994 1505 638 885 1995 2158 2188 2189 1506 547 949 2186 2159 2157 2183 2160 2184 594 879 2185 
	}
}
node_searing_gorge={
	location=1959
	color={
		80 37 33 
	}
	inland=yes
	outgoing={
		name="node_dun_morogh"
		path={
			1960 1746 973 2506 3052 941 
		}
		control={
			4048.000000 683.000000 4017.000000 702.000000 3999.000000 723.000000 3999.000000 748.000000 4018.000000 777.000000 
		}
	}
	outgoing={
		name="node_burning_steppes"
		path={
			1965 1957 1741 3054 
		}
		control={
			4057.000000 670.000000 4047.000000 656.000000 4053.000000 642.000000 4039.000000 622.000000 4037.000000 602.000000 4050.000000 587.000000 4073.000000 592.000000 
		}
	}
	members={
		1954 1955 1956 1958 1965 1959 1960 1966 1957 1961 1964 
	}
}
node_burning_steppes={
	location=3054
	color={
		178 35 21 
	}
	inland=yes
	outgoing={
		name="node_elwynn"
		path={
			1983 1982 1653 1639 1618 2200 2140 619 2139 2149 2202 
		}
		control={
			4101.000000 581.000000 4118.000000 551.000000 4095.000000 523.000000 4069.000000 512.000000 4039.000000 524.000000 4002.000000 516.000000 3987.000000 493.000000 3966.000000 477.000000 3943.000000 476.000000 
		}
	}
	outgoing={
		name="node_redridge"
		path={
			1984 3055 772 2195 737 
		}
		control={
			4120.000000 598.000000 4154.000000 595.000000 4175.000000 581.000000 4171.000000 565.000000 4159.000000 553.000000 4158.000000 530.000000 4146.000000 500.000000 
		}
	}
	members={
		1962 3057 1952 3154 3155 3156 1983 1982 1981 1980 1659 1653 3054 1991 1741 1984 1985 3055 1986 1987 1988 3056 1989 1990 1742 1743 1744 
	}
}
node_redridge={
	location=737
	color={
		229 120 97 
	}
	inland=yes
	outgoing={
		name="node_elwynn"
		path={
			2194 717 661 2148 358 550 1058 2138 2149 2202 
		}
		control={
			4138.000000 458.000000 4126.000000 450.000000 4109.000000 447.000000 4091.000000 437.000000 4061.000000 436.000000 4028.000000 445.000000 3995.000000 441.000000 3960.000000 450.000000 3943.000000 468.000000 
		}
	}
	outgoing={
		name="node_duskwood"
		path={
			785 1021 
		}
		control={
			4161.000000 477.000000 4188.000000 467.000000 4214.000000 470.000000 4226.000000 455.000000 4209.000000 444.000000 4175.000000 441.000000 4145.000000 441.000000 4128.000000 448.000000 4109.000000 447.000000 4094.000000 437.000000 4070.000000 421.000000 4055.000000 407.000000 4053.000000 390.000000 4054.000000 371.000000 
		}
	}
	members={
		2193 2163 1507 1992 752 772 1525 1601 737 785 2194 717 2195 683 1993 669 800 2196 816 838 2197 2199 1994 2198 1523 650 
	}
}
node_dun_morogh={
	location=941
	color={
		247 253 253 
	}
	inland=yes
	outgoing={
		name="node_elwynn"
		path={
			2 2202 
		}
		control={
			4018.000000 777.000000 3952.000000 689.000000 3919.000000 636.000000 3914.000000 572.000000 
		}
	}
	members={
		515 3053 1943 1134 1007 988 956 2506 2507 3044 817 3045 3043 1949 801 3041 3042 3035 1951 1142 3039 855 839 887 3036 3037 3038 1748 941 3052 3048 3049 3050 3051 973 1746 1747 1750 1749 3025 1140 872 3040 1001 1006 1208 2516 4110 
	}
}
node_deadwind_pass={
	location=953
	color={
		48 79 49 
	}
	inland=yes
	outgoing={
		name="node_duskwood"
		path={
			2161 2182 938 2162 1004 1021 
		}
		control={
			4118.000000 354.000000 4116.000000 380.000000 4111.000000 392.000000 4093.000000 387.000000 4068.000000 383.000000 
		}
	}
	members={
		2176 938 2182 2162 953 921 2161 
	}
}
node_duskwood={
	location=1021
	color={
		39 93 60 
	}
	inland=yes
	outgoing={
		name="node_westfall"
		path={
			1057 698 2153 637 357 771 716 
		}
		control={
			4064.000000 344.000000 4043.000000 335.000000 4014.000000 338.000000 3982.000000 336.000000 3950.000000 350.000000 3931.000000 336.000000 3912.000000 335.000000 3899.000000 353.000000 3883.000000 364.000000 
		}
	}
	outgoing={
		name="node_elwynn"
		path={
			2177 2150 358 550 1058 2138 2149 2202 
		}
		control={
			4054.000000 371.000000 4053.000000 390.000000 4055.000000 407.000000 4067.000000 421.000000 4060.000000 434.000000 4028.000000 445.000000 3995.000000 441.000000 3960.000000 450.000000 3943.000000 468.000000 
		}
	}
	outgoing={
		name="node_stranglethorn"
		path={
			985 996 
		}
		control={
			4064.000000 344.000000 4043.000000 335.000000 4014.000000 338.000000 4010.000000 320.000000 4009.000000 298.000000 4018.000000 284.000000 4010.000000 257.000000 3993.000000 226.000000 3977.000000 205.000000 3954.000000 183.000000 3948.000000 154.000000 3948.000000 128.000000 3936.000000 113.000000 3929.000000 97.000000 
		}
	}
	members={
		1021 1004 2177 1057 985 970 586 2153 602 618 637 2152 682 653 2151 2150 903 2178 698 
	}
}
node_westfall={
	location=716
	color={
		25 144 159 
	}
	outgoing={
		name="node_elwynn"
		path={
			751 922 1058 2138 2149 2202 
		}
		control={
			3866.000000 389.000000 3878.000000 414.000000 3904.000000 424.000000 3924.000000 434.000000 3942.000000 449.000000 3937.000000 470.000000 
		}
	}
	outgoing={
		name="node_stranglethorn"
		path={
			596 996 
		}
		control={
			3851.000000 360.000000 3847.000000 338.000000 3839.000000 313.000000 3859.000000 300.000000 3878.000000 306.000000 3900.000000 282.000000 3920.000000 271.000000 3942.000000 259.000000 3961.000000 242.000000 3987.000000 247.000000 3995.000000 231.000000 3977.000000 205.000000 3954.000000 183.000000 3948.000000 154.000000 3948.000000 128.000000 3936.000000 113.000000 3929.000000 97.000000 
		}
	}
	members={
		716 771 736 751 2000 870 904 922 596 784 612 815 2154 837 627 1999 799 2169 
	}
}
node_elwynn={
	location=2202
	color={
		208 229 97 
	}
	outgoing={
		name="node_stranglethorn"
		path={
			2202 996 
		}
		control={
			3885.000000 536.000000 3860.000000 537.000000 3847.000000 510.000000 3844.000000 472.000000 3807.000000 430.000000 3785.000000 373.000000 3796.219971 316.480011 3856.000000 260.000000 3913.000000 215.000000 3899.000000 158.000000 3906.000000 122.000000 3920.000000 94.000000 
		}
	}
	members={
		1022 2203 2505 2142 2149 2202 2204 2206 2205 2207 2141 603 2139 2138 550 567 619 2200 2140 1639 1618 1058 533 587 986 2146 2147 2145 913 661 2148 954 1005 2143 2144 
	}
}
node_stranglethorn={
	location=996
	color={
		120 202 114 
	}
	outgoing={
		name="node_plunder_isle"
		path={
			996 3208 
		}
		control={
			3870.000000 106.000000 
		}
	}
	members={
		715 750 735 636 652 681 697 565 601 585 1997 1996 783 3077 3078 3079 3080 548 1056 531 511 969 1003 1020 984 937 920 883 852 2166 996 2167 868 693 997 2165 902 1478 1480 1502 1500 215 
	}
}
node_plunder_isle={
	location=3208
	color={
		64 157 226 
	}
	outgoing={
		name="node_zandalar"
		path={
			435 2469 
		}
		control={
			3547.000000 180.000000 
		}
	}
	outgoing={
		name="node_mare_magnum"
		path={
			435 381 
		}
		control={
			3291.000000 62.000000 2959.000000 79.000000 2696.000000 62.000000 2448.000000 156.000000 
		}
	}
	members={
		2472 3207 3208 3209 4134 4135 4137 4136 4140 4138 4139 4130 4131 4132 4133 
	}
}
node_mare_magnum={
	location=381
	color={
		23 224 216 
	}
	outgoing={
		name="node_south_seas"
		path={
			380 1099 
		}
		control={
			2168.000000 769.000000 
		}
	}
	outgoing={
		name="node_dustwallow_marsh"
		path={
			373 1456 
		}
		control={
			1949.000000 707.000000 
		}
	}
	outgoing={
		name="node_tanaris"
		path={
			372 1543 
		}
		control={
			1917.920044 636.799988 
		}
	}
	outgoing={
		name="node_nazjatar"
		path={
			380 570 
		}
		control={
			2021.000000 927.000000 
		}
	}
	members={
		381 
	}
}
node_tanaris={
	location=1543
	color={
		186 224 159 
	}
	outgoing={
		name="node_dustwallow_marsh"
		path={
			2327 2326 8 9 12 15 3477 1456 
		}
		control={
			1715.000000 451.000000 1780.000000 470.000000 1801.000000 505.000000 1784.000000 548.000000 1796.000000 589.000000 1789.000000 626.000000 1793.000000 670.000000 1739.000000 695.000000 
		}
	}
	members={
		1545 1538 1547 2321 2328 1552 2323 1544 1548 1555 1242 2325 1543 2327 1542 1541 1554 2326 1551 2324 1549 1243 1239 1241 1244 1546 1553 416 4062 4063 
	}
}
node_mulgore={
	location=1473
	color={
		130 179 130 
	}
	inland=yes
	outgoing={
		name="node_barrens"
		path={
			1404 2297 1445 3441 3442 3447 1422 1373 
		}
		control={
			1357.000000 925.000000 1387.000000 901.000000 1394.000000 862.000000 1426.000000 839.000000 1471.000000 853.000000 1508.000000 844.000000 1558.000000 851.000000 1583.000000 875.000000 1617.000000 920.000000 1622.000000 958.000000 1598.000000 977.000000 
		}
	}
	members={
		3426 1397 1388 3424 3423 3425 1473 1468 1469 3427 1377 1470 1482 1471 3420 3428 1404 1472 1474 2296 3421 3422 1476 1445 2297 1475 3418 3419 3429 1477 1483 2295 3416 3417 1484 3412 3413 3414 3415 3411 2311 
	}
}
node_barrens={
	location=1373
	color={
		237 235 150 
	}
	outgoing={
		name="node_durotar"
		path={
			3464 3164 
		}
		control={
			1603.000000 1011.000000 1609.000000 1039.000000 1652.000000 1037.000000 1683.000000 1050.000000 1715.000000 1055.000000 1740.000000 1064.000000 1770.000000 1054.000000 1780.000000 1066.000000 1774.000000 1086.000000 1751.000000 1118.000000 1747.000000 1144.000000 
		}
	}
	outgoing={
		name="node_dustwallow_marsh"
		path={
			1422 1456 
		}
		control={
			1606.000000 981.000000 1632.000000 986.000000 1659.000000 975.000000 1685.000000 971.000000 1690.000000 960.000000 1709.000000 945.000000 1712.000000 921.000000 1702.000000 901.000000 1691.000000 895.000000 1672.000000 889.000000 1668.000000 874.000000 1683.000000 862.000000 1693.000000 848.000000 1688.000000 825.000000 1703.000000 808.000000 1721.000000 795.000000 1725.000000 771.000000 1733.000000 742.000000 1744.000000 731.000000 
		}
	}
	members={
		2282 1371 1370 3471 1365 1409 1420 3453 3475 1373 1422 3464 3465 1375 3461 3462 1374 3456 3457 3458 3459 3460 1368 3454 3455 3474 2286 1376 3447 1423 3463 1372 3467 2285 3472 2283 3473 1421 3466 1439 1440 2949 3442 3443 3444 3449 1369 1443 3451 3452 1442 3446 3448 1441 1444 3440 3441 3445 1447 3435 3436 3437 3438 3439 2287 1465 1446 1448 1464 3434 
	}
}
node_dustwallow_marsh={
	location=1456
	color={
		140 161 233 
	}
	outgoing={
		name="node_durotar"
		path={
			13 2953 3508 1450 3507 2949 1439 2286 1376 3461 2283 285 2288 1426 3395 3164 
		}
		control={
			1772.000000 703.000000 1801.000000 726.000000 1790.000000 776.000000 1754.000000 803.000000 1725.000000 844.000000 1695.000000 868.000000 1718.000000 902.000000 1721.000000 920.000000 1714.000000 934.000000 1725.000000 943.000000 1755.000000 921.000000 1805.000000 907.000000 1828.069946 926.070007 1832.000000 961.000000 1820.000000 993.000000 1812.000000 1044.000000 1825.000000 1092.000000 1805.000000 1138.000000 1762.000000 1144.000000 
		}
	}
	members={
		1454 3483 3484 3485 3486 3498 1453 1455 3496 3497 3501 3502 3487 3488 3489 3490 3491 3492 1462 1452 3499 1456 2951 3477 3478 3479 1461 2201 2952 2953 3504 3510 1450 1451 3505 3506 3507 3508 1438 3480 3481 3482 3511 3512 3493 3494 3495 3509 1463 3513 3503 2950 3500 
	}
}
node_durotar={
	location=3164
	color={
		130 12 15 
	}
	outgoing={
		name="node_azshara"
		path={
			3398 28 
		}
		control={
			1753.000000 1189.000000 1767.000000 1195.000000 1774.000000 1209.000000 1770.000000 1230.000000 1784.000000 1243.000000 1805.000000 1250.000000 1816.000000 1267.000000 1837.000000 1283.000000 1853.000000 1305.000000 1890.000000 1318.000000 
		}
	}
	members={
		3164 3165 3166 3167 3395 3396 3397 3398 3399 1378 1426 2289 3400 3409 3410 1381 2290 2294 3408 3407 1384 3403 3404 2291 1383 2293 3402 3470 1380 2284 3401 3469 1379 2288 3468 2292 3406 1382 1385 3405 
	}
}
node_azshara={
	location=28
	color={
		32 153 217 
	}
	outgoing={
		name="node_south_seas"
		path={
			27 384 211 1099 
		}
		control={
			1931.000000 1316.000000 2012.000000 1305.000000 2071.000000 1230.000000 2103.000000 1098.000000 2265.000000 978.000000 
		}
	}
	outgoing={
		name="node_nazjatar"
		path={
			28 616 
		}
		control={
			1948.000000 1327.000000 2060.000000 1326.000000 2176.000000 1274.000000 2289.000000 1238.000000 2380.000000 1250.000000 
		}
	}
	members={
		1428 1429 2246 2247 1430 2250 1432 2244 2249 1431 2245 1436 2239 2240 2248 1352 1433 2242 2243 2241 1434 28 4092 4090 4091 4089 
	}
}
node_crystalsong={
	location=1271
	color={
		138 75 170 
	}
	inland=yes
	outgoing={
		name="node_zuldrak"
		path={
			893 1273 3283 1275 1278 645 2387 2388 1280 2395 541 753 828 1228 188 794 810 2441 
		}
		control={
			2943.000000 1735.000000 3005.000000 1730.000000 3042.000000 1745.000000 3086.000000 1728.000000 3119.000000 1724.000000 3154.000000 1730.000000 3193.000000 1728.000000 3221.000000 1756.000000 3240.000000 1773.000000 
		}
	}
	members={
		1272 2409 893 3284 3286 3287 1273 3282 3283 1276 825 3288 3289 3290 3291 1271 706 3279 3280 3281 3285 
	}
}
node_vash_jir={
	location=3174
	color={
		77 213 202 
	}
	outgoing={
		name="node_nazjatar"
		path={
			429 616 
		}
		control={
			3695.000000 586.000000 3608.000000 583.000000 3450.530029 544.739990 3337.000000 544.000000 3171.000000 619.000000 3103.000000 729.000000 3053.199951 883.869995 2965.000000 980.000000 2833.000000 1036.000000 2714.000000 1062.000000 2621.000000 1123.000000 2564.000000 1185.000000 
		}
	}
	members={
		3171 3172 3173 3174 3175 3176 3177 4111 
	}
}
node_eversong={
	location=660
	color={
		227 228 98 
	}
	members={
		2991 521 760 2990 2994 724 705 690 2992 2993 558 978 660 626 676 2988 609 2987 944 704 643 2520 2519 961 892 575 593 2989 540 2518 520 2986 2985 960 1064 659 2513 
	}
	end=yes
}
node_south_seas={
	location=4086
	color={
		226 131 64 
	}
	members={
		1097 1109 1098 1099 1100 1101 1106 1107 1102 1105 1103 1104 4064 4065 4071 4067 4066 4069 4068 4070 4073 4072 4085 4086 4083 4084 4082 4081 4080 4074 4075 4076 4078 4079 4077 4087 4088 
	}
	end=yes
}
node_vale_of_eternal_blossoms={
	location=1807
	color={
		203 183 32 
	}
	inland=yes
	members={
		1807 1820 1808 1809 1822 1810 1812 1813 1821 1824 1811 1818 1817 1816 1815 1819 1823 1814 
	}
	end=yes
}
node_zuldrak={
	location=2441
	color={
		47 88 117 
	}
	inland=yes
	members={
		1286 810 2441 2440 794 3310 3311 3312 3313 3314 832 1287 898 3315 3316 917 2438 2436 2439 3317 3318 1017 2442 933 2437 3319 3320 3321 2428 544 2435 2429 2434 3323 2431 2430 2427 2432 2433 1285 562 582 779 3322 1284 633 2421 649 2420 2422 2425 2423 2424 598 1274 664 615 2426 563 2417 
	}
	end=yes
}
node_nazjatar={
	location=616
	color={
		146 151 211 
	}
	members={
		620 616 617 611 590 579 577 588 621 573 
	}
	end=yes
}
node_zandalar={
	location=2469
	color={
		68 136 63 
	}
	members={
		1122 1123 1132 1124 1126 1127 1128 1129 1130 2469 2470 1108 1136 2471 2509 1133 1135 2508 1110 1111 1112 1113 1114 1118 1115 1116 1117 1119 1120 1131 
	}
	end=yes
}
node_hellfire_penisula={
	location=1591
	color={
		198 67 21 
	}
	outgoing={
		name="node_netherstorm"
		path={
			1216 1603 1230 1699 1704 1705 1712 1711 
		}
		control={
			5330.000000 372.000000 5320.000000 485.000000 
		}
	}
	outgoing={
		name="node_zangermarsh"
		path={
			1602 1605 1606 1608 
		}
		control={
			5148.000000 352.000000 
		}
	}
	outgoing={
		name="node_terokkar"
		path={
			1215 1641 
		}
		control={
			5291.000000 263.000000 5245.000000 225.000000 
		}
	}
	members={
		1586 2028 1587 1593 2030 2031 2032 1592 1594 1590 1588 2029 1589 2033 1652 1591 1595 1598 2035 1602 1597 1599 2034 1596 3955 3956 3957 3958 3959 4407 4408 4409 4410 4411 4412 4413 4414 4415 4416 4417 4418 4419 4420 4421 4422 4423 4424 4425 4426
	}
}
node_blades_edge={
	location=1685
	color={
		198 188 21 
	}
	outgoing={
		name="node_netherstorm"
		path={
			1230 1699 1704 1705 1712 1711 
		}
		control={
			5137.000000 555.000000 
		}
	}
	outgoing={
		name="node_zangermarsh"
		path={
			1230 1608 
		}
		control={
			5065.000000 448.000000 
		}
	}
	members={
		1680 1681 1682 2053 1683 1684 1685 1686 1688 1689 1687 1693 1694 1697 1696 2101 1695 1690 2055 1692 1691 2054 1698 1699 3698 3699 3700 3701 3702 3703 3704 3705 3706 
	}
}
node_nagrand={
	location=1627
	color={
		35 184 36 
	}
	outgoing={
		name="node_zangermarsh"
		path={
			1629 1212 1607 1606 1608 
		}
		control={
			4921.000000 331.000000 
		}
	}
	outgoing={
		name="node_terokkar"
		path={
			1631 1638 2051 1213 1641 
		}
		control={
			5100.000000 186.000000 5150.000000 205.000000 
		}
	}
	members={
		1634 2051 2052 1637 1638 1633 1632 2050 1631 1636 1625 1627 1628 1629 1630 1623 1626 1622 1624 1621 1635 
	}
}
node_zangermarsh={
	location=1608
	color={
		35 132 184 
	}
	outgoing={
		name="node_terokkar"
		path={
			1606 2049 1641 
		}
		control={
			5139.000000 339.000000 
		}
	}
	members={
		1603 1619 1604 1608 1606 1605 2049 1607 1610 1609 1611 2064 1614 1613 1612 2062 2063 1620 1615 1617 2065 1616 2066 3696 3697 
	}
}
node_shadowmoon={
	location=1671
	color={
		151 18 131 
	}
	outgoing={
		name="node_terokkar"
		path={
			2037 1679 1675 1661 1674 1645 1654 1643 2048 1642 1641 
		}
		control={
			5347.000000 159.000000 
		}
	}
	members={
		1674 1661 1675 1662 1668 1679 1670 1667 1671 2037 1669 1677 1672 1664 1676 1663 1678 1666 1665 2036 1673 
	}
}
node_terokkar={
	location=1641
	color={
		194 223 159 
	}
	members={
		1641 1642 1643 2048 2041 1646 1647 1654 1644 1645 1651 2040 2039 2038 2042 2044 1648 1658 2043 2047 1655 2045 1657 1649 2046 1650 1656 
	}
	end=yes
}
node_netherstorm={
	location=1711
	color={
		129 35 184 
	}
	members={
		1702 1704 1701 2056 1703 1706 1707 1708 1710 2057 1709 2058 1705 1711 1712 1713 2061 2060 1714 2059 1715 1716 1717 
	}
	end=yes
}
node_ashran={
	location=3802
	color={
		92 46 117 
	}
	outgoing={
		name="node_tanaan_jungle"
		path={
			3887 3889 3788 3789 3785 
		}
		control={
			5460.000000 1437.000000 
		}
	}
	outgoing={
		name="node_farahlon"
		path={
			3885 3880 3846 
		}
		control={
			5491.000000 1526.000000 
		}
	}
	outgoing={
		name="node_shadowmoon_valley_draenor"
		path={
			3887 3890 3806 
		}
		control={
			5450.000000 1336.000000 
		}
	}
	members={
		3802 
	}
}
node_tanaan_jungle={
	location=3785
	color={
		106 148 43 
	}
	outgoing={
		name="node_farahlon"
		path={
			3790 3805 3883 3880 3846 
		}
		control={
			5346.000000 1477.000000 5395.000000 1516.000000 
		}
	}
	outgoing={
		name="node_talador"
		path={
			3741 3765 
		}
		control={
			5172.000000 1414.000000 5129.000000 1383.000000 
		}
	}
	members={
		3792 3791 3789 3788 3786 3785 3783 3790 3805 3784 3782 3953 3954 
	}
}
node_gorgrond={
	location=3836
	color={
		198 188 21 
	}
	outgoing={
		name="node_farahlon"
		path={
			3840 3841 3877 3850 3846 
		}
		control={
			5249.000000 1645.000000 5358.000000 1660.000000 
		}
	}
	outgoing={
		name="node_frostfire_ridge"
		path={
			3833 3874 3873 3864 3863 
		}
		control={
			5156.000000 1571.000000 5092.000000 1558.000000 5020.000000 1591.000000 4956.000000 1620.000000 
		}
	}
	members={
		3844 3843 3836 3842 3841 3840 3839 3838 3837 3830 3834 3833 3835 3832 3831 3828 3829 3825 3826 3804 
	}
}
node_nagrand_draenor={
	location=3755
	color={
		122 94 54 
	}
	outgoing={
		name="node_frostfire_ridge"
		path={
			3762 3761 3759 3871 3868 3863 
		}
		control={
			4921.419922 1494.760010 
		}
	}
	outgoing={
		name="node_talador"
		path={
			3766 3764 3765 
		}
		control={
			5005.000000 1392.000000 
		}
	}
	members={
		3748 3749 3753 3754 3751 3752 3757 3750 3758 3759 3760 3761 3763 3755 3756 3952 3762 3766 3764 
	}
}
node_frostfire_ridge={
	location=3863
	color={
		3 198 252 
	}
	outgoing={
		name="node_talador"
		path={
			3865 3860 3870 3764 3765 
		}
		control={
			5049.000000 1495.000000 5122.000000 1430.000000 5121.000000 1401.000000 
		}
	}
	members={
		3863 3864 3868 3865 3867 3860 3859 3862 3861 3857 3858 3856 3855 3852 3827 3854 3866 3853 
	}
}
node_spires_of_arak={
	location=3819
	color={
		138 32 58 
	}
	outgoing={
		name="node_talador"
		path={
			3814 3817 3776 3770 3771 3765 
		}
		control={
			5162.000000 1253.000000 
		}
	}
	outgoing={
		name="node_shadowmoon_valley_draenor"
		path={
			3820 3813 3810 3801 3851 3807 3806 
		}
		control={
			5186.000000 1181.000000 5252.000000 1124.000000 
		}
	}
	members={
		3817 3816 3814 3819 3815 3818 3824 3823 3821 3822 3820 3813 3794 
	}
}
node_shadowmoon_valley_draenor={
	location=3806
	color={
		92 15 125 
	}
	outgoing={
		name="node_talador"
		path={
			3807 3800 3798 3795 3777 3772 3803 3765 
		}
		control={
			5292.000000 1258.000000 5194.000000 1329.000000 
		}
	}
	members={
		3796 3795 3798 3801 3851 3800 3797 3799 3806 3807 3808 3809 3810 3811 3812 
	}
}
node_talador={
	location=3765
	color={
		59 128 60 
	}
	members={
		3781 3780 3779 3765 3803 3771 3774 3770 3769 3767 3768 3775 3773 3772 3778 3777 3787 3793 3776 
	}
	end=yes
}
node_farahlon={
	location=3846
	color={
		58 28 117 
	}
	members={
		3850 3846 3845 3847 3849 3848 
	}
	end=yes
}
